8000 4000
7434 5135
5618 3280
3506 592
4086 2343
3999 113
4697 241
264 183
1015 1343
87 2025
3388 4517
2998 3246
3294 6547
1646 833
6222 2032
4684 44
2328 2717
1418 6305
1675 1680
999 5945
7958 1107
7904 5783
3337 6933
4461 6537
7922 1216
2708 501
2257 4688
7311 7332
6567 2315
1259 1202
5235 5447
5848 4732
706 2035
2548 5212
2127 1305
4974 3284
880 6233
7301 6493
2574 2810
1163 6053
7985 7249
5121 7385
1817 5826
4097 2573
64 4321
3627 7663
150 1774
3601 3358
4125 5914
7546 3348
2249 1510
5118 2958
1696 2616
4233 6085
4444 5141
157 1505
6838 7632
6710 3908
7720 6436
4117 2133
6485 3688
1482 1504
7869 7425
5109 6261
3980 641
7452 2475
1846 2693
3665 1580
7904 938
195 1452
4647 2163
1146 1764
4066 6101
1728 4946
146 6590
2751 2935
6207 5482
7716 4704
7692 3462
7054 101
1963 602
5912 75
1020 6168
2614 3541
4698 3983
4231 7725
4758 6523
6573 1815
5389 7389
6594 2449
4586 2005
2937 46
5533 5476
259 3699
996 2939
3924 5800
6509 5873
680 6147
1960 1365
4338 612
3029 5014
6662 5278
4169 7346
6193 4353
6434 2085
3632 3528
3765 3320
1493 1008
5611 6940
5263 7730
7085 971
1090 2905
1612 391
5907 3798
7043 6019
6036 2839
7511 95
5485 4650
6154 4173
5896 5709
1820 7640
457 6536
7507 392
4925 3406
2021 4753
3102 3817
267 4308
5366 355
3392 479
5459 647
5741 500
7737 3976
2065 2397
3261 4638
1020 3665
5713 923
1678 7907
6426 2893
5290 1922
2629 3238
6734 5372
6000 1903
6188 5818
6490 2288
7749 7729
4890 3632
6962 5123
4227 428
372 2034
7418 4098
2996 2658
517 665
4501 5774
3746 5482
2969 4675
6552 4981
1229 345
5425 796
6976 6482
3059 1477
5014 3652
6017 1542
6877 5548
669 7854
6665 5031
4936 1723
366 3409
3537 3239
6569 3646
5319 1350
442 4353
1781 316
2220 3971
2695 4631
3934 1693
1215 6343
3436 1903
482 4279
1976 2541
5759 4321
1519 3572
4504 3799
1701 5890
4608 3473
4897 7594
4733 6274
2080 6185
140 6714
1805 7387
496 3836
7620 978
2097 3783
3347 3475
2295 5806
1061 2874
4353 7178
1881 7389
3037 3640
306 3886
1430 4344
5412 1973
7898 4359
3653 5442
3274 7751
4580 5796
4920 6260
3621 2351
2138 5112
4855 6706
7086 7488
195 2480
1235 5686
555 5233
2411 1258
288 2428
101 927
6649 2944
3932 272
1387 2825
6432 942
3717 2289
5519 1273
7046 5300
6035 7220
6207 4056
2650 3027
7824 7280
1840 2850
260 7568
2138 2345
6983 2720
184 2086
6732 7252
6921 3535
335 7549
4422 3383
706 6995
7960 2207
4993 33
2894 2935
1858 5704
4001 6345
7692 5617
4986 579
7522 6605
4235 6129
5352 450
6257 4299
3977 5114
7565 5959
4113 2735
5694 4539
4858 2978
2788 6433
3823 3354
491 2102
5520 2316
1797 1809
965 406
5183 129
3534 5145
1475 2229
7562 4834
311 6761
3199 996
3217 2648
1936 5718
3012 6104
1150 7223
6361 2612
7292 7849
1221 4148
3756 4434
5132 5710
954 5380
4572 5381
4933 3278
2037 3011
3540 4002
6086 1097
6372 3893
6314 576
2691 115
7845 1832
2378 7597
485 5931
4294 6433
4920 1084
3401 6779
3968 1067
7860 7411
3328 1262
5211 3359
6171 6875
1667 375
3105 2071
4887 4495
1806 6184
4921 6332
256 1751
756 5170
4926 1175
7338 5185
5946 3521
4235 6386
2657 6837
7561 2068
7437 3983
1084 1011
421 4391
274 4248
1074 2774
7984 4851
4115 6891
4332 4959
658 6511
2310 1532
224 173
2365 4655
4580 7725
104 1424
7881 2753
3242 4514
4027 6377
4861 4864
6050 5272
2909 2866
3789 4560
4076 4480
912 4079
7839 7359
5840 4062
3782 7309
5068 2124
5904 3417
275 859
2830 1188
3901 6350
7587 1022
1879 586
5646 2558
1623 455
2983 7431
4502 3473
774 2818
3937 4272
2817 2861
1970 7493
525 770
5487 5255
4578 3640
3766 1768
33 4570
4829 5898
7297 1164
786 2787
470 1419
875 2741
7915 903
3939 6585
5882 4908
2839 5297
7546 3387
7880 2850
6159 184
2687 337
1870 4745
3477 1244
3642 4473
1139 6095
498 5528
4973 2698
3017 6846
3595 2901
4086 632
6440 3458
814 1344
7913 2119
5414 4171
2232 2180
7384 3307
4472 510
753 2932
2619 1816
227 4002
6859 4195
1462 1201
299 7692
511 6399
4369 5836
7524 591
5592 4205
174 4848
3312 3227
3468 4590
4560 5796
603 1056
2467 1065
2821 7985
482 571
6622 6123
7347 3611
3339 2394
6359 5456
2892 4084
281 6734
1141 7852
3869 6403
7655 4532
6753 3397
3249 2049
2751 3282
7022 6778
5429 4635
2010 862
1288 4923
3554 834
1734 5357
626 2407
2192 5671
6918 5585
4507 923
1993 7720
718 674
3044 6977
6541 5820
5583 2090
2900 500
4139 1606
5605 2831
5740 4172
2140 3464
914 1652
1459 5520
1492 2916
907 1123
4550 7862
3523 4180
5911 652
3690 1233
5018 1309
5495 3757
764 2840
6777 586
3730 2643
341 2451
7865 5317
3719 1607
3888 7591
4575 1263
4789 1230
7422 4664
5752 1031
1392 6660
6446 980
4518 4018
4371 4034
6936 4659
6773 5308
6454 5469
4284 2688
3726 5234
6779 5684
1789 7496
6259 7707
2752 6645
5697 6700
5711 3296
437 2369
1623 1182
2240 3463
4987 6407
6472 6241
6339 6142
1658 781
7749 5911
7606 2274
7532 1720
1604 6999
4882 1622
3281 7541
3894 1426
4710 2145
6802 7498
1254 4320
4700 3007
2845 7303
5203 3469
6034 1370
1696 88
7540 6644
3724 7517
250 4000
7338 1104
3982 5315
2676 2110
3717 1119
1773 3227
7970 4728
3100 7503
4399 7370
5343 1509
6316 5881
6099 6473
5055 197
347 5487
1856 7203
2527 6297
4492 1200
2335 2824
3514 5534
4557 2960
185 2205
1970 6776
6258 3349
4886 7264
2964 2297
563 5696
4593 398
3124 7134
6915 6610
7089 7566
1601 3427
3718 5813
6387 477
4504 3861
7034 790
3529 2408
7543 3754
982 7172
3551 309
2135 4878
6897 6949
2453 6515
6530 7700
2221 6526
6764 471
4738 660
7246 2973
6734 7214
4226 418
1641 1294
1973 5121
2342 4487
3304 4315
2239 3886
2595 5514
2933 2250
1378 7038
3938 216
2876 5871
1544 4211
1643 2840
945 207
7789 323
159 321
5316 4313
2278 3774
6276 4430
4575 7822
7062 620
6859 6469
1283 2980
3134 7924
7606 7868
1507 3530
7886 1962
4803 4141
7997 5362
4969 2341
1766 788
2390 4086
1622 3568
6572 747
5272 7283
778 3892
6799 6852
4724 6120
5883 7805
5627 6749
3685 7542
4823 7093
1279 1262
3643 7878
1716 1500
3075 7425
6232 5321
94 3827
803 1252
7839 3866
486 3707
1074 5296
3625 5319
3105 480
3974 1510
7528 7477
897 4339
3116 175
2272 5096
1403 496
738 2104
4754 2838
4336 722
4267 2939
6038 2364
2755 4209
5448 4203
2242 5467
3886 6196
6597 4146
5646 1627
2096 1694
6092 1345
1756 942
7355 2844
3054 2296
3900 4854
963 1769
434 3543
6238 7678
548 931
5752 1454
3076 2213
3867 983
6061 1310
4808 4255
7808 2639
4006 2314
4722 4568
7493 2260
2888 1497
1057 7642
4186 2145
7710 5869
1766 5825
2848 4461
232 2941
5313 1739
6395 2993
6112 3606
5204 161
3729 839
1033 5742
2147 2425
5754 7500
7010 75
6234 4795
6852 5445
6871 6010
6726 4369
728 4752
7889 4923
1314 5622
4410 7407
2891 1657
3730 232
6630 2453
4520 5545
5693 1285
5994 423
5132 3232
7846 487
2476 11
2846 3746
714 2408
1725 7423
3001 4138
2587 4499
6523 4501
3609 5756
5482 93
117 3272
3738 4956
6568 4277
2366 5636
1613 2606
3489 7127
2164 6140
6793 5613
7280 7185
7044 3481
5123 6847
691 4864
2650 2636
5420 7141
3400 4370
7030 7531
5499 4123
1746 7185
7606 1367
2640 3031
4927 6938
6581 1765
7995 6492
7067 818
2280 6471
5479 6271
2924 2248
1957 4572
524 2663
7750 4448
3515 137
2921 911
7880 7732
3866 3411
5216 1817
4976 3486
1898 5024
3734 3500
6962 3087
7403 3595
4939 3136
5024 7176
6992 6589
4722 3781
1042 5325
3240 4732
5794 2770
5468 7109
6653 7077
1184 3420
2849 1982
2607 7812
3392 140
4351 2819
2630 1577
1852 988
7097 914
157 6947
3986 6179
1961 4143
1025 1606
2066 3970
2741 7945
1763 4385
129 3450
4005 6766
2982 2127
1860 2821
6284 6859
3310 3000
227 237
2756 6190
4202 1104
7652 1086
2778 4473
6582 2699
769 927
4457 6415
904 2304
7050 2816
2077 3610
5097 3679
7423 2425
1051 318
5498 5021
5812 2527
5848 6477
2663 1283
6441 6635
7726 6964
3029 6590
1414 3459
429 2343
5189 799
1759 7602
7484 6688
6212 519
3476 6195
6935 4767
7053 7523
5878 4975
1010 7556
4115 240
3594 3745
7881 4548
5435 4757
4712 5650
2483 3090
415 7224
2256 3497
3610 5590
7363 6438
2616 3629
4132 3455
3054 1777
1211 958
4658 7922
2803 803
367 3387
7229 6627
5250 1593
1509 913
1991 2876
7029 7907
6846 7951
3816 3190
5032 5132
6670 5121
2154 1108
6695 255
2443 5517
3258 4342
4029 3225
592 3906
2785 6027
491 3413
252 3461
2160 7388
4233 2908
3401 948
4885 2920
2652 2379
1185 7730
3021 5720
6261 4059
2174 3341
1448 6399
6771 754
1341 5691
4718 323
7176 3233
6015 4923
5139 3150
2138 1085
1878 4307
6230 1525
5597 3526
6912 6943
132 1945
1387 2112
3372 2726
1029 6551
738 591
6733 1588
5540 2798
2456 4430
4052 1870
5913 7042
4841 7407
6135 4459
1810 4217
4093 1228
7040 6066
1804 3984
4778 5833
2099 7608
6120 7486
1346 3392
3719 7067
7787 3031
6604 1400
7830 4654
7479 5895
1483 6718
3738 6868
6429 4773
2369 1501
7048 4656
5967 4901
7093 4577
3709 6607
3665 6542
5331 2144
3188 5698
22 2885
3822 2854
3395 6668
742 6619
101 6058
3562 3266
907 6636
1491 4451
1534 5167
4037 2909
875 3994
5008 5510
951 3579
921 6496
4007 6914
3746 5985
5383 3005
7743 4993
2220 3369
5964 2029
7892 316
5850 6650
2587 2145
1545 932
699 769
308 6138
1931 5521
5507 5514
2010 7010
4476 4956
4890 5492
7860 7504
714 7544
4794 7100
3726 3858
7219 2949
3768 7562
6877 474
3691 4573
1179 3615
5790 7980
4858 3602
882 2809
6869 1066
2426 732
3243 3221
7957 2095
5279 520
4357 4592
7733 3121
4115 2844
2378 7246
6882 6210
4016 182
3245 3413
7187 3977
1964 1859
2263 2193
842 7331
2093 1070
5212 7434
528 7664
3326 1997
1120 5539
5944 568
7274 5758
1955 1071
2100 7434
7754 2857
7063 1841
4019 3578
2753 6485
4912 4591
6089 5472
5893 6381
7384 1769
323 5468
32 7448
5841 7614
2094 1821
6599 4302
6581 4926
822 5124
1235 5152
1773 6493
4478 1805
7901 6386
5765 3322
4012 453
2210 481
7614 4733
1695 2550
1134 3274
1634 4376
2457 2517
5557 737
2414 7460
2703 174
1082 5926
2552 273
6129 6012
6475 3854
1408 5036
3890 7618
6990 5407
2285 4362
4821 3673
5745 5228
2304 4094
1756 2984
4537 594
4622 1290
2961 2536
1441 3982
4411 2325
2873 10
2902 462
4593 7728
522 1076
4191 3107
1245 7565
3138 2793
5599 6862
986 7008
4330 7126
1587 2095
2750 1043
1517 6238
2180 2476
6889 6427
4439 6696
7844 2783
2267 1949
2734 2569
2680 5942
4719 696
2154 4199
6995 7366
7186 841
265 5678
3202 5799
409 2309
314 6267
6031 3880
5915 458
4263 6036
5619 7590
4039 689
5272 4127
2701 6670
4119 7050
3850 4890
3659 7414
7756 6468
7267 3263
38 4783
4159 1433
2211 2796
4386 4100
3309 5017
5401 1876
5995 3061
6877 1791
2075 1933
2986 3773
7733 4120
2796 7538
4454 2735
1249 7100
5338 5601
3033 2407
1055 5775
6790 5105
895 4192
7327 360
3915 1894
3573 6936
6792 3594
3351 2789
3061 5617
4978 4490
4314 6242
6426 2185
1064 2287
6400 3010
7622 6750
694 5804
6096 3217
2670 6883
6689 4448
5009 75
423 3501
5704 7563
6545 7585
5403 5650
5213 3724
7131 4331
4088 813
1852 1942
2850 2724
7301 3471
6236 6884
1708 5087
3521 6175
7602 3681
4768 4496
7263 4695
5409 539
6300 2004
7384 3366
101 1824
5307 2585
1803 1710
809 7528
3416 3066
5637 406
6714 6667
2854 4653
3961 5317
4768 18
271 4790
2814 7634
4105 6112
2007 2906
7513 6072
635 5988
6004 208
3091 2189
7308 3794
3041 1698
7845 2887
1760 5296
7338 3402
5885 1376
7033 277
572 1380
4697 5957
7083 3571
3498 3634
2301 7289
235 2172
3574 88
3133 2191
2144 2787
2984 974
3943 4865
5852 6058
6593 778
1840 4926
14 7475
6701 6675
2619 6059
5481 2717
4997 4111
1481 138
339 4451
4464 7386
893 5481
4773 5645
3520 4798
1011 5480
6104 4692
3017 5092
4571 5398
5293 6067
1380 7944
4489 3354
5758 512
2075 3262
3121 5784
2456 3454
2259 4694
6439 5730
2018 7266
3758 7575
4298 5460
55 3880
3830 1654
284 6963
3266 7006
5040 6232
3330 872
3012 6662
7192 7369
6900 5079
3266 2265
6442 6838
6374 5145
5678 1274
4751 2437
5874 925
5717 7531
7510 6
1255 7913
4191 7931
7981 5238
7781 6718
2050 7351
6054 1471
334 7039
493 2161
4340 4706
2149 5740
1629 8
5293 2027
1025 3714
2970 5760
367 6411
4827 7986
6749 2668
4616 4911
960 3273
6235 7621
1875 432
7191 3321
852 3246
7828 7237
4377 1863
1671 7583
4871 2897
5932 7440
3279 1195
5796 1016
6279 6102
6568 1687
6092 307
6501 7719
1747 476
7129 5445
3201 6556
4165 4374
4552 4555
1635 6481
588 700
758 905
2103 3204
7836 4051
789 7982
1403 3953
4431 3916
7234 1590
3564 4992
277 5387
1255 5613
483 473
3456 6324
7319 7441
3679 6129
5129 7425
7852 4412
2352 1831
7312 6408
7737 2384
7513 6233
1113 4970
2079 3270
2193 4469
2082 2620
3124 5569
7243 7522
14 754
6700 961
7579 3933
2082 6459
2708 6405
6604 4175
6087 3330
5762 325
1299 6180
3882 93
3491 6476
1605 7602
158 7734
135 67
1510 6728
7504 1373
3805 25
6422 6610
2268 5649
217 931
7789 3760
4710 2822
798 6338
658 4312
3006 797
1595 1112
208 3627
4981 6293
3807 2910
5854 4420
697 7791
833 6670
3448 3573
5254 42
2370 5075
2850 3083
4596 1544
732 7511
1802 6244
1268 5313
7434 3036
6755 291
3033 4564
6940 4851
5827 332
7655 5579
5455 3341
6606 5193
1513 2063
3586 3213
3599 7834
3786 7945
4229 4448
3792 4988
1631 1626
5946 6244
3325 1002
6145 3988
4236 693
7139 4350
7796 674
6767 3421
696 2799
2379 937
4257 7228
6715 635
4735 3301
7926 3454
1307 7160
4512 43
4225 7166
1419 1710
3122 6834
7509 2719
4915 1512
6745 5139
2877 4251
5528 779
1474 4373
1039 4236
1497 7482
2978 1218
7667 1025
1862 795
7291 5084
1214 6891
5618 5427
5388 3121
813 1329
3295 1664
6051 616
3025 2840
7384 6054
2940 1349
5113 827
3442 228
6059 5928
1433 7539
3405 1421
7284 2701
7530 3603
7810 7704
4607 6202
2118 5431
1597 4074
2308 3
2465 7632
4340 5583
5243 3214
7761 5490
6755 4879
710 2239
1711 6199
3790 6694
5242 2253
1827 4626
5183 2763
6500 6792
6257 5255
5020 7681
1074 5487
6733 2281
3296 1817
6576 1612
7213 7218
2007 1537
818 7109
5329 717
3615 7060
1752 7707
6969 44
6284 6493
4239 3069
4505 6669
7481 4436
4269 7585
7347 88
5767 6073
4689 1279
1741 7957
2080 1821
2674 4202
4951 3181
756 7650
7599 5104
1187 98
242 3877
6856 5837
5391 2023
5687 7194
7427 4571
670 1090
4618 1593
2568 1564
4671 1466
7548 440
1425 3467
7304 2379
198 6590
2657 2563
5491 5088
5721 4444
4783 3947
4406 375
7433 7034
4468 7101
4961 5601
1178 7741
1853 886
7930 5774
1695 3408
5934 7639
2869 151
2002 4174
4181 1356
3452 3101
7552 2851
6944 5791
378 3481
4635 7461
1206 1714
4511 1859
3814 7110
516 2133
2324 6384
2921 5543
7401 5978
1284 7103
4795 5046
7528 858
39 5191
1284 928
978 601
1672 5775
878 5160
6618 6080
4231 3461
4884 2984
5696 1101
5237 7436
4796 3772
5265 7376
7141 2948
885 3967
2344 3783
3957 2734
7987 5411
4661 164
1984 4502
4957 1194
7785 4801
1806 2206
4007 7516
6464 3755
2812 1133
7014 5643
7471 7776
2582 3522
7557 678
4981 5230
4401 1194
1185 2354
5864 7036
5389 4128
5622 1620
6690 6178
2967 3450
7555 1554
3553 1782
1196 1817
1106 3471
3770 7774
6863 2018
2452 7835
7125 6995
5969 256
5314 6699
2854 3187
7906 7876
3944 3951
6344 915
2343 833
1644 755
2134 4014
6928 5079
6070 1557
7592 4750
3728 354
6065 5340
2215 7796
4632 5709
197 4409
854 2348
5847 2322
6781 6177
1642 4278
4287 582
422 4475
7011 3649
2848 2530
7916 5884
2017 129
1886 6676
1908 4513
2565 1882
5471 2313
7247 1928
7882 4742
1680 3305
3333 1639
7996 7362
1017 5529
7560 1989
6251 99
1294 3885
681 63
4811 6293
3661 6607
5625 2139
3125 1918
917 7554
7415 7878
1479 2272
1143 5969
7320 5599
4565 2270
506 5042
886 217
1497 2407
7123 4110
6839 5485
23 1207
5769 3164
4641 3442
2485 1854
7700 2718
2314 4966
6156 131
3981 5356
4924 5981
1622 2111
234 7894
3143 262
3226 4774
7624 6446
74 6154
4760 2961
2231 3908
1434 1823
2411 4458
1265 2054
7270 2579
3619 5372
872 893
1132 4679
1153 7723
7228 6756
5580 4241
229 7117
4825 6807
7136 6997
1047 320
1586 4071
4210 6341
136 2756
1716 758
2989 2724
5792 1816
4991 532
2929 4830
5691 2553
1244 6473
1103 2513
2049 6748
7141 3661
6175 3421
6902 7317
3719 5417
5121 7285
2628 1275
2846 5403
6198 7273
4540 5599
539 1302
6280 3637
6082 4049
4010 5832
1792 4249
5652 7303
7978 1783
2803 1757
3556 288
6397 6702
731 5391
1713 1198
2051 5793
4944 4581
3587 3411
5981 6554
7384 3723
2524 6006
681 3449
2743 7334
5631 3443
5115 6141
52 6788
1715 1805
5447 3692
6232 2193
5859 6987
7783 4400
1973 231
2368 7248
1948 799
7670 7646
1288 5216
6239 7230
3419 5584
3859 6510
2315 2589
5467 4319
6686 1437
2150 558
4399 3449
751 7445
3657 3491
7897 6816
3263 6430
6158 456
4359 145
2492 7183
1405 3505
7978 209
831 4684
709 1566
4739 4252
578 651
5234 7265
1464 2060
1742 2862
7721 3385
233 6581
2690 6468
5423 5772
4875 6713
7800 4317
3068 7544
6308 3779
5057 1191
6568 2605
4594 6134
3987 6437
865 6036
2661 5051
5844 3515
1365 6378
5307 4778
1188 7946
3123 1189
263 6950
5922 2070
2418 6146
5940 5111
1614 2186
554 5685
4683 1505
2842 6575
987 2724
5050 5785
2832 698
7807 4864
7082 289
2018 6874
820 1700
1056 6980
7413 934
6792 1546
2104 7376
2951 5561
7796 7597
7792 2141
3051 5780
5556 2991
3768 3515
6481 4710
5064 3863
505 346
780 1673
6325 2954
3095 37
2863 7135
1323 6671
7938 1058
457 5342
2525 3510
7164 7526
4291 7292
7539 3271
2036 474
6996 3848
4486 6436
3442 3787
4313 1239
3007 5376
4472 6230
7825 6153
1362 1684
5855 71
336 3760
1544 965
3206 6263
7615 4219
363 3015
3225 6040
6206 2549
4637 3161
4725 1135
1558 3442
7883 864
5182 5377
6636 4294
6114 6007
4450 5565
3640 3897
4460 7277
7025 4541
1481 4167
6400 2853
2061 2412
600 4606
1717 4774
3069 542
4426 5493
803 2935
1591 586
5789 17
848 6822
4509 4765
1957 412
7863 7756
1376 3989
3306 2189
5609 1330
105 4875
7650 179
1703 7526
36 4799
1744 2255
6904 7171
1801 1095
937 669
1846 2356
4018 6741
6664 7836
3718 2112
23 3353
3490 2904
4226 7787
3132 3499
3425 1717
6182 1202
7824 7933
8 3043
2027 1763
1655 1050
2427 4649
1647 5380
3013 7165
2675 1912
2262 1086
128 57
525 6275
7483 4469
3694 3962
6610 5651
2718 1415
6430 6101
2942 1898
1354 4756
4773 2147
1487 7033
1118 1371
3511 742
1975 4635
6543 2451
5149 2432
5012 2006
7457 2661
4175 4760
2187 1387
5998 4717
6983 6742
5237 2885
4423 1740
1401 6588
4652 1937
398 7624
7096 6006
813 2179
1391 7151
6391 4778
2036 65
2192 6947
7933 5956
5773 6523
4011 3223
7830 4387
494 467
1517 3405
6558 833
4014 746
7363 2583
2978 1631
3492 7313
275 5640
6693 911
7638 5446
6340 6102
5266 1575
7537 3890
2645 517
4703 6295
1498 2394
540 4173
3027 6315
550 3890
5173 1392
5189 1600
973 1979
2931 7629
5164 7521
1232 71
5353 6975
3196 4066
6295 322
2429 4833
5195 5851
5063 4311
355 7684
6742 2457
1049 7294
5708 7414
4668 6968
3615 3037
12 1803
4837 7769
4680 2014
1669 137
7670 7751
278 7896
3079 405
7463 5701
3485 7396
3286 613
3834 2687
528 1036
1482 5431
758 5135
1203 5764
6119 833
1744 1742
4671 2880
4763 1959
147 4693
2435 5750
4912 611
3505 2116
5960 20
4186 2611
7579 3378
6326 6866
1274 7336
682 3749
3770 2046
3315 1936
6374 5446
5810 2813
4658 1887
877 4414
5011 499
4346 6089
4965 1765
1962 1737
1712 1986
4841 4994
1195 7002
6697 4840
1498 2070
3710 4804
6255 1658
7749 2968
80 6089
1770 2294
2618 7315
4869 6565
4821 6303
198 5169
2234 6202
3473 4231
3130 3678
5937 6536
131 657
347 2227
3245 3884
4356 1175
5914 2409
5353 4913
934 370
7039 6702
620 7418
7063 4455
5890 1918
4797 3918
4731 4882
2937 2789
3865 1725
64 6397
7510 2889
5418 761
1261 2539
7195 6097
2211 3661
4433 7429
2737 1538
3143 449
1564 557
284 4242
785 4983
5862 2624
2335 3931
7782 706
2840 7580
3383 6143
6068 3492
5180 4864
6629 6061
5894 6174
5631 5190
4321 6578
114 1317
5233 6513
6785 7499
5335 3133
4592 1343
3043 3331
4947 4241
7691 2327
2925 268
3314 341
764 3063
40 2590
1657 4728
3433 7636
735 3893
2449 411
1071 4070
3479 383
5806 462
3850 1749
6292 6630
1295 2205
3458 5488
7041 1305
7998 6453
4666 5873
7400 1927
2563 7498
6842 1469
451 3945
6883 7849
189 1261
5229 7042
3364 6715
6848 6870
797 17
3402 1313
5010 2639
7960 6590
5308 3652
5544 3844
5800 2036
2292 4790
7110 852
2485 6342
5035 4401
5263 7778
5664 4630
5760 4646
6837 4610
3704 1398
7223 3394
1939 7125
1552 5994
7560 2098
4157 6373
4797 6576
2326 3163
4335 2611
5063 2070
3323 1953
1436 429
3634 644
2657 2081
4395 6440
2594 6133
4437 2848
817 3482
2442 4329
5055 3782
6309 296
6062 3126
7165 4151
3447 3431
4757 423
4092 6788
2335 7246
5038 1771
4946 7811
542 3996
1212 4254
5351 4240
1454 4511
1999 7554
2320 1006
379 7575
3476 7925
2493 7166
7611 7305
1759 6091
5810 7375
4190 3771
2577 498
7423 367
1939 2069
1000 4233
4927 2305
2848 5358
1138 6528
6178 4425
7011 2365
7088 2547
7401 7644
2466 6074
6270 4114
1795 6567
5602 5000
7083 4532
9 1329
3285 5088
1532 610
1527 6840
6897 6929
4854 7435
3180 5862
336 7094
520 6744
2418 6590
7665 3210
998 5727
5810 5455
216 3986
6122 1484
5177 3105
7521 2610
1655 5197
6955 1397
4702 5737
3436 5860
7445 451
2461 6671
2297 1147
5054 4143
5192 1435
7589 1782
756 2266
4108 2715
1398 1819
5079 5989
1835 1421
1739 2055
930 3765
7790 1913
7803 4848
1148 629
7166 101
2936 3941
6563 4047
7863 4070
6271 6601
285 4969
6914 3325
2903 3373
4664 7658
6416 5168
5667 518
1889 6568
2841 6113
2328 1138
1260 2355
6642 1698
6188 2753
4316 3931
5751 2012
223 4294
7325 6658
1934 2310
4409 4901
1059 1200
556 3002
618 7848
5963 3044
6139 2577
1455 366
4773 3123
4779 4517
3109 4209
5193 3317
6717 3769
6243 3153
5211 1661
466 116
5375 6770
7741 1139
4896 4701
3778 6564
2490 1075
6716 1516
3155 1645
593 2895
7841 7896
6061 5923
4126 863
3212 7799
6225 3960
1406 4787
6197 1033
1072 5430
97 669
4192 1869
7535 6506
6791 1876
2391 3023
7517 6348
4083 6353
2094 3423
4840 7642
467 294
3050 3884
2133 5333
7610 6162
1332 7184
7009 6189
1779 4712
4498 4160
4442 2966
1084 226
419 984
7973 2260
6446 5340
1061 5504
2966 5776
2535 1140
2649 4889
592 6615
2063 7832
4838 5466
36 4988
370 1636
5809 6116
3549 1081
3938 4389
991 5587
7811 6884
2667 7947
2782 99
4950 7157
2922 7724
4709 7960
120 4920
6419 5313
2990 5278
5813 2295
191 7125
7871 2433
6185 1020
504 5823
4520 4976
4024 4419
5218 6783
3337 5829
6800 4186
375 479
3550 4370
7748 1147
4018 1431
5005 1819
3123 801
4929 48
6806 2710
765 6029
1569 117
4702 6553
6369 3050
2077 3186
5744 3147
2023 5113
3144 5526
3312 6371
4497 4602
7105 1332
723 1362
2555 255
3385 4735
7488 834
811 2468
651 7248
3145 4522
1632 4285
1598 6114
3139 7033
1480 2015
6267 289
6296 3021
6462 7097
7982 1315
2401 6789
1617 644
4057 6062
5510 4867
6938 1329
4314 600
2645 5596
3362 3673
7359 775
3931 4810
2200 3001
6271 3415
4700 7380
3474 1608
7308 5258
4523 6573
5776 2174
2768 2335
1989 6945
7206 1234
5093 2829
2503 1733
2 3715
3759 3242
7803 1959
356 7312
4990 2353
290 7916
1198 7598
4744 4592
2233 6065
3174 2824
5132 3871
3745 566
5510 7203
1277 1345
6805 47
7620 2663
3763 7301
1626 3355
7036 5041
4096 1322
519 4076
5511 1820
5137 4219
6483 642
3414 2463
6756 4022
462 4885
2855 1296
3075 32
1447 4028
5271 1286
381 7282
2810 1158
5313 262
1446 6234
3873 1485
3166 521
825 6053
1601 3955
7137 2313
3012 1097
301 3582
4293 5606
1379 3696
5983 2701
2363 3866
2496 7997
347 1186
553 7389
2412 3974
6260 632
4293 2177
7820 4438
4464 3518
378 4062
642 1223
412 7210
247 4773
5004 4052
2547 282
7356 2967
4199 7142
955 1332
4773 103
5102 3178
1486 6833
2318 1045
6907 6342
7849 4002
2606 6731
3562 2883
5776 1374
6370 2568
4763 2399
3606 1378
5908 4319
4222 7771
4369 1748
5593 4499
5878 6817
4436 4970
2580 4309
7767 285
7070 438
3189 6450
4340 7275
5521 195
6021 1570
3692 4203
4330 5212
5761 2704
5257 1690
2087 6921
222 6396
4188 1236
3434 5845
1863 4081
3049 2512
1742 3704
705 3377
1489 6280
7728 5787
2274 7062
7700 1542
5676 259
4693 3233
4805 6458
4932 1495
3170 2334
7225 344
4488 2116
2988 7969
6781 2017
1263 6575
6940 7474
10 133
6188 67
3487 2693
1205 6471
573 97
2252 1060
1876 1063
4373 6541
6299 3203
265 2356
4830 5261
7349 541
3607 3314
7128 3172
5997 5023
6623 570
5246 1362
3608 3215
3579 4202
5534 276
1116 4791
6930 2342
203 7633
1697 3555
1348 216
5202 1568
5200 4576
3717 5783
815 5684
9 988
7519 6121
7955 280
2673 1678
4349 1644
117 2983
1588 7623
5863 912
1014 5258
7017 2499
3632 2991
4938 6740
4656 6952
7810 7554
7411 2509
2099 435
6730 6139
7521 319
4563 7457
4663 5802
6253 7883
1584 4035
7600 1831
3291 3880
3155 1420
6645 1647
7260 2297
7686 5389
6211 2742
2212 6963
3836 4075
304 749
2118 3451
4027 2509
5875 2460
3963 5373
768 7507
7811 3570
2665 2601
7358 509
320 5001
6356 4691
7581 1144
5264 3521
400 4511
3817 908
4029 6098
7342 2670
6559 3606
2484 5282
2890 2883
7591 1424
6446 7092
2228 6497
4172 2609
7599 2937
5215 7064
7497 2731
1314 4661
3760 6098
2928 3633
7557 3062
7967 6548
5748 6370
6912 6963
5005 7981
7540 6226
965 2726
1169 6624
1143 1736
4569 2567
1760 1732
6718 897
6020 7776
5608 1997
6381 881
3164 5001
3835 5877
2536 5347
3146 6503
4602 7435
6064 6730
2377 4016
2998 5261
830 3974
4534 1313
5322 7984
7735 7670
1327 1792
51 6938
6204 881
6178 2831
6551 3292
2760 7163
7508 3345
1509 197
3167 6753
6541 137
883 1885
4164 4707
5595 3855
6946 428
3750 7444
6045 6321
6957 2853
2055 3934
2517 5080
2425 7667
4215 5899
1373 5656
6351 5081
7585 1849
3165 3907
3406 4972
4161 4696
7717 7520
1340 7794
1849 3377
3622 5373
6666 3095
6187 4563
4370 5756
4646 447
6176 4725
3392 251
7350 7210
4595 10
5149 5975
1285 6402
4337 4238
352 3114
1431 3446
6714 3594
7516 7636
7393 6438
5746 6183
4177 976
6625 4639
3718 1333
794 7611
7105 2524
4031 3962
526 4736
1431 1053
1839 6653
2882 5447
5481 4164
2465 6024
6315 5526
6156 839
3957 4762
7752 5420
5119 730
7555 690
1020 2668
4855 4818
6398 7755
1154 6677
3035 2503
4097 92
1554 5831
5253 7284
5065 7528
6551 3245
7160 7200
744 4059
102 7553
4314 7922
1143 6176
6923 3531
2349 7606
70 5273
7065 5205
4930 6017
2703 3092
7893 2728
103 5939
5241 310
4634 808
4185 2637
992 453
5929 3089
89 7263
5864 5424
7389 7341
2757 1793
1508 2096
7674 6728
7567 749
6871 7771
7707 1500
4071 6823
6138 4224
1950 3325
940 2387
1108 6191
1762 1596
1428 5332
6793 968
2044 769
6506 4433
3421 6725
6378 3927
6951 2186
5695 1869
404 7535
3495 2744
303 5250
6975 4228
6096 7429
4288 5539
5348 976
6163 6066
390 754
6978 652
3344 5176
3455 7006
6305 517
2251 5412
633 825
5707 6902
2633 2117
2237 7627
1991 3900
5758 2238
1499 4764
4687 2029
1802 4618
910 5102
1444 3822
4000 6489
3193 114
6298 6726
6373 3354
5073 6105
6283 809
7055 785
7404 7890
7843 3283
1140 532
2430 2609
1563 864
1242 2777
255 2952
2840 2449
883 3192
7633 3904
2105 5041
4942 4579
3728 6632
457 1629
5224 2598
1742 1424
4127 5543
3995 2558
4294 3445
7412 1411
7713 1944
4138 4302
6337 5580
5961 3181
3918 1843
5757 642
5944 407
5412 4819
7563 1798
1745 4022
4172 255
2076 1935
6821 1220
6678 829
5527 6989
5424 52
7333 152
7984 1457
4875 2080
4110 7601
2501 1368
7905 1765
4103 2902
5076 7182
3617 2807
2357 6696
377 2308
6482 6911
4248 5288
614 384
7843 7666
90 7748
201 1053
553 5451
951 2317
2921 3884
2897 6040
4184 4425
526 2954
4482 5324
3652 2502
7573 7710
987 2269
837 6237
5588 6721
7614 2161
3468 233
6954 4349
7260 3838
5467 7333
4909 3616
4982 580
731 3606
5244 990
4373 913
6822 1137
437 2758
7656 831
2416 6394
3938 4459
4383 29
6246 2219
7312 2562
7745 3173
6502 4061
101 2191
6523 758
6348 4832
1328 2565
3876 3523
4911 1640
5761 5971
5853 4930
1821 5193
1098 1703
7140 7904
4013 3792
7401 4868
7541 6330
717 3688
2256 5533
2863 427
6317 6947
506 3278
7674 5651
5292 3448
5659 3304
7092 2652
4301 3997
5093 3593
2972 5805
5290 3386
2991 3093
7210 6495
2398 1014
5647 1180
809 1728
6729 5794
4305 4611
5386 526
1242 750
2811 1603
2693 1837
6567 2074
5757 896
3177 5668
6855 1308
3198 2196
5565 5087
1409 628
7062 6096
335 6571
1393 3308
1723 4216
467 6974
2860 991
4252 2215
1987 810
1822 7104
3241 3057
5106 7425
3593 7627
402 2037
3232 2399
7753 6669
472 626
5252 3665
6939 6258
1943 3041
115 556
4814 2710
2621 7299
5313 2463
5138 1985
4147 1737
1819 7280
2783 4935
2664 528
2511 637
4616 1357
4097 4930
3337 1440
3706 1772
3487 7049
1805 7935
1725 5114
584 1473
5904 265
1084 2839
5353 3173
2582 5737
1244 2794
5569 6390
7530 2806
4369 4842
4155 70
5626 7817
4610 3023
3005 2458
4784 612
523 7555
648 6634
7351 7061
4386 758
6452 5170
418 1634
365 4531
3530 6499
5980 1963
5184 2205
6719 3189
1301 752
2770 5015
5472 1143
3217 3066
265 213
952 7959
6976 4885
6825 1413
924 7489
1046 3651
3593 1112
1732 6368
1531 2584
2011 3816
5146 1895
4057 1252
5533 7910
5373 4478
178 5941
7182 6652
4932 2310
164 6321
3578 2891
29 3186
5024 2383
4569 1445
3117 259
816 3918
5139 2398
7854 2202
1088 3948
5557 332
3515 2663
5746 7221
3747 5180
618 643
3789 6784
4788 4720
4268 5109
6068 4060
6186 7037
2375 5565
700 2779
7414 2798
7431 2494
4354 5392
4926 3987
1148 5499
3100 7047
7190 2475
3333 5596
3468 1476
311 5049
3731 7860
5241 7383
7222 3251
2627 4033
1026 2428
541 3189
464 1080
1368 5958
3269 2269
7663 654
975 559
4561 5050
1232 402
3435 4343
3536 1316
7987 2736
497 5170
3537 3930
7394 1755
4018 547
2976 5377
1753 3853
6022 2089
1014 1973
2544 4527
3498 7411
6953 2970
2441 7324
4656 2127
2035 3085
601 5688
4711 2990
3269 2823
6634 7054
5952 7391
505 1516
1343 5881
403 2647
6251 4145
4050 7043
5367 3746
5089 6413
3728 5846
148 2
961 2088
7019 7589
4009 7186
6256 3145
1011 5324
1257 5417
6817 4749
1291 4306
7286 5081
2980 817
5868 1857
159 2121
3522 5238
3031 3120
7935 3651
1058 220
6524 4020
2913 4328
4057 5736
3806 2577
5222 4958
1862 810
7485 6391
4738 4264
2002 2264
3385 674
1125 2201
3432 331
2640 2909
66 7068
2364 3792
5392 3087
6497 482
3733 6531
3108 7792
22 935
311 5210
5282 5023
6346 7217
5685 7149
6298 4149
4213 6252
7275 3877
310 2258
6088 925
6479 5570
4902 6530
2003 5241
30 5969
7087 6678
2403 5669
6608 7073
4236 5497
3746 6353
1859 4870
121 538
3207 7911
6105 638
2939 7935
2987 6560
2552 5337
238 2016
4300 2396
5642 1292
4431 5701
4580 2346
5551 4105
2815 6929
3293 4235
820 6827
7382 5886
6804 2560
745 259
5555 4464
1479 6052
2081 6371
3589 5694
3878 3844
7043 4687
7581 1920
3962 5447
3697 2393
1383 1162
4803 2513
936 768
7865 5321
5533 6206
3524 387
1618 3456
3997 5238
6018 4851
6283 6261
232 5950
2565 7462
3551 7488
2369 6697
928 2524
3757 4547
2584 6228
718 258
6085 4975
3479 981
4636 4001
1727 3337
6528 1125
945 5572
1843 3988
4133 1658
6231 1999
5293 6448
4512 5454
5189 6459
2698 6475
4942 4824
6062 4414
5444 6499
1654 7909
2934 5736
737 3769
1993 570
2461 1851
5749 5569
5506 3885
2834 2974
2979 6030
1356 3304
7423 4445
5832 6861
4102 2174
2787 7502
7828 5960
3810 3590
2109 1201
1420 5276
544 6948
7334 4540
1129 5050
902 1505
5586 4239
2756 6048
1301 5123
276 5135
5736 7735
1026 5831
3581 741
304 2185
920 4106
2572 3994
2286 1512
1454 5305
3303 6277
6237 4907
7442 6586
6749 3996
6148 6833
6061 6378
7123 1327
7370 2992
1380 4201
4370 4217
5911 4038
4328 119
1510 7370
2047 5932
6803 7174
4624 2070
3677 5108
6046 4968
2790 2618
650 7442
5873 6018
781 1226
5343 6026
1499 2597
6273 4927
7388 56
282 2507
5203 3830
6105 1549
4918 7632
6006 2340
861 6551
2389 7449
706 1418
4604 3572
4320 1969
1302 1030
1940 2327
309 732
6436 4657
2255 6713
3120 5882
2411 5241
6429 2724
6563 5349
6233 4188
4898 3244
1565 3289
4941 3355
247 482
1162 4550
1459 301
7042 6190
417 551
3859 2604
3665 4889
7076 2369
4693 3427
3063 2297
4715 999
4774 3721
4142 6051
5135 5978
5793 4981
4541 7091
7562 6339
3166 1112
7118 1881
7026 577
1728 1825
1284 4563
6414 2175
7344 4911
1426 1330
1627 7838
6403 5647
2812 3215
1173 1584
4900 4327
7536 7678
4723 2614
901 5670
337 583
2624 7523
6493 2334
4559 777
4203 5793
606 599
4586 7654
306 5354
6058 5570
4060 3989
4082 7693
3782 6626
933 5264
4820 304
437 3075
6694 4500
2554 151
2856 528
4268 3811
997 12
7106 5270
6872 3258
3085 4646
3818 5755
6315 6341
5056 455
2092 5145
5126 6374
5229 7872
681 6211
7913 726
3871 5389
806 7486
2586 2968
2105 4021
7445 2101
6405 2268
7620 1404
6711 6758
3007 6013
6255 3563
2846 7689
4630 4045
417 6874
7226 3602
6064 1353
1595 7705
3472 1406
5454 2890
14 6095
1498 5828
3144 3492
201 691
3534 2572
953 7441
7610 3069
6556 310
5104 5563
1122 6876
5477 1020
7352 6153
3373 1186
2500 7046
6931 1004
7613 5267
3104 5875
6238 5169
5345 7265
1973 6264
3207 2731
3071 3070
6632 3260
6901 6626
859 6107
5479 7944
6664 6347
5135 1455
2998 902
5015 4878
2618 7941
4804 7113
6215 7538
6735 3693
629 5996
2791 5600
6389 7511
6648 7176
2364 2798
1054 7570
2408 879
6214 1163
2473 3863
6223 7244
570 4062
7083 2280
6830 5189
2078 6808
4899 1471
1878 7544
2795 1076
7990 2811
7404 4802
1650 6168
3333 7884
6337 63
958 2867
3709 7762
2662 5750
7343 2314
7726 6573
2666 6799
593 2770
2244 738
3133 2974
5532 2966
4691 3606
5231 7471
2348 6935
3421 341
279 3911
7335 3261
4686 3274
7566 980
1356 4608
3298 2489
583 3535
2476 2637
5146 6053
1831 2865
5695 4364
3023 2431
2041 1876
3534 7755
5649 3171
6410 4251
4396 562
2792 5877
22 297
5394 6455
5350 440
2096 3143
3257 7467
3930 7165
856 5321
210 3444
2238 5844
2534 2412
3471 1777
1141 7622
2469 6073
3077 1526
672 1015
5539 4460
957 2291
5627 5100
6206 6563
1271 1586
2340 5858
4601 4363
7806 7275
1548 4865
5251 6733
32 2179
5448 6966
2176 7150
1952 1876
6733 7712
6571 487
7153 6796
1189 4628
2455 1068
3790 706
6811 5798
2505 4130
2157 7089
3280 6152
5494 4361
5001 3224
990 5584
4407 1202
29 6404
4395 4443
6521 931
3249 3497
1167 5525
2137 3239
3610 3984
5299 1375
939 1844
2276 6891
7186 5810
2113 5972
5659 6584
5914 6093
5872 7881
676 3718
5615 1696
7433 6391
6089 2041
6403 482
5472 2534
2870 5630
878 660
3397 6119
3728 431
3957 6337
3453 6869
2673 5373
98 4325
6838 167
874 6903
532 6557
2722 2225
1187 6196
4303 4887
5184 1487
5031 5089
7052 7634
2881 2777
2896 4590
5703 956
7405 3340
7630 2779
4373 2985
1414 845
2595 6234
5704 159
3757 1465
7251 7409
4789 5406
3833 5852
627 119
2657 6567
1626 3401
6646 245
2318 7434
6636 6377
1240 6961
6617 7165
7463 544
2387 7343
3113 3502
4874 4731
905 3225
4621 6860
751 2274
5360 2516
1626 7586
6606 7443
1208 5448
5169 2422
4252 7354
5214 2841
6900 5277
7023 5282
152 7628
3959 2189
984 3620
1745 4684
2746 3018
4115 4715
2259 5532
4217 303
301 6542
1114 6636
168 5507
774 3948
4509 4802
2417 295
4359 4461
5643 70
7777 2869
1028 7689
6648 3299
4974 1960
5813 967
5405 6931
5669 4537
5732 7816
908 5820
4442 6404
4965 2616
6347 7722
7167 1228
4086 5503
2914 6886
359 410
6355 6402
5278 6061
396 7133
2340 7835
1351 606
6301 2874
3147 3390
7261 4600
6811 7848
1346 4763
2181 3564
4045 2417
7189 5171
4019 5129
4544 6037
6462 1176
6327 4030
639 4212
2700 3298
6100 6241
4609 2637
7377 2065
6378 2012
1612 7250
1427 719
5540 3831
6018 4912
3698 7129
6065 3390
4633 4310
2485 2949
4545 6871
3541 2461
4539 327
4210 3083
1592 1065
4507 5175
6827 7786
2298 766
5538 3989
4240 4844
86 916
1112 5160
1620 5630
179 7585
3300 4265
4652 824
7828 2739
7451 1579
6405 3502
5445 2293
4550 2721
3410 6532
2499 5455
5010 6315
1222 3326
1092 4924
6700 6806
2304 1698
2109 3002
1719 1107
5149 1081
1885 5500
1364 4375
806 6805
3105 6101
4174 7184
5927 543
2209 2961
4188 4329
2782 5071
5335 6674
2288 6562
2736 1161
1128 3601
6415 5565
3006 789
7877 6065
838 2476
7175 4047
5885 2998
7296 2871
7314 797
534 7038
337 1794
2295 3255
3403 7074
6403 1650
760 6721
6451 7
3587 5125
275 1478
7564 4260
2512 1380
2722 3381
5949 2397
2738 3097
6376 2527
2890 1532
1336 1746
5574 7515
4003 4543
1191 4706
4837 2378
3817 2515
2251 3019
1383 1454
4456 3532
6626 5075
3430 640
4653 6398
7415 7886
1658 1322
6166 3904
5812 122
6560 7651
1918 3837
5898 3269
7629 1154
1666 749
3197 5853
750 1762
3193 7884
5554 6698
4889 508
4473 3221
4826 1073
5819 3782
7270 217
1541 374
435 7226
5631 2401
5331 1757
3807 550
4786 3314
1258 2710
3357 3035
4920 3055
4608 5962
4072 5729
6111 938
3808 1466
7596 5962
4894 926
1189 7768
490 5741
6872 389
3318 4496
5038 3383
5954 4754
1331 7620
6013 6407
4041 1798
462 2279
5483 3217
6040 90
5497 3556
5271 4219
2643 2370
4116 5451
7887 1844
7331 4178
675 5100
4960 3730
4689 43
6688 5807
986 2124
7951 7622
1459 6081
457 6176
4338 7720
2025 5226
2443 3394
4128 85
6415 2864
1719 4079
1411 4795
5132 5951
5397 7476
7061 4968
6109 2287
2383 3593
3836 552
7112 281
155 7471
1881 5902
1120 6076
4634 4628
197 2158
5837 5018
1912 3252
2434 233
1732 235
7384 7189
3266 2429
6400 4098
794 1291
6707 1799
5749 1408
575 5006
3804 608
2352 4530
7470 6796
4234 1413
7778 1055
332 4492
4158 4047
501 5585
5676 2789
7052 5310
1589 513
7148 5171
4119 4830
7100 40
2508 7506
776 2389
3422 7031
1605 1750
6429 66
6183 5072
4698 1395
2359 7200
5970 5229
4602 1560
6172 6837
1082 4092
3879 6258
7615 2738
1845 2673
2724 7782
5031 754
4994 3325
2290 1677
6728 594
2845 3075
3595 3168
5212 5335
1211 3195
5641 3432
2744 6241
3432 4796
1213 6195
5643 2436
4084 3103
4688 299
2550 4493
6801 7223
5820 3543
3219 5843
2117 2308
4455 144
719 2199
3786 7408
6889 6895
6329 106
6514 5386
968 628
6980 30
5453 4624
809 4011
3502 3089
4136 5644
4874 2176
7117 5654
6364 2604
1756 3177
2538 6087
1390 87
6225 4676
2919 6671
7078 7667
6195 6307
6660 7346
7966 4349
6461 6036
2351 146
7794 3246
1702 1684
3943 3093
310 56
4190 7267
3204 2656
7794 7958
5640 2209
5734 6260
4886 3706
6518 6865
4808 7581
1844 3836
3610 1692
7256 2244
3348 7897
6510 3408
7987 6094
3931 306
3072 1263
3223 7117
1849 4367
34 278
6622 3311
3153 1946
5772 7470
4357 3986
2144 3152
5558 497
5698 7487
1779 5107
1331 4060
4767 2869
7428 2809
3590 3097
6844 4910
4745 6289
7951 180
5825 6043
6931 7881
4619 4026
1539 3699
4663 2424
690 1082
5917 1261
6743 790
7797 7836
13 2790
3435 6313
2670 3781
949 3301
4160 782
1185 6715
5922 367
1262 3236
6424 7257
6986 2470
7836 4424
532 6927
3298 2858
5953 5111
5219 3216
803 6801
6729 3252
3146 4535
1153 5934
6920 2703
6426 4319
2120 1715
7533 3358
4380 6572
7405 5508
5425 2716
6482 1338
7208 712
2065 7028
4615 5923
7723 3567
2361 1340
1726 5709
4996 3494
318 7251
5096 5735
1906 5462
82 3930
4467 3660
458 1195
7703 7437
3375 7249
3012 6393
4372 2189
7879 2232
2553 7333
3336 1889
6027 3591
6022 6804
3528 6833
4029 7891
6770 6376
3267 3708
5876 1485
2413 3975
3787 5218
5783 2582
669 3794
3623 1004
6817 6872
3001 7717
6258 1984
4123 1861
4348 200
6909 4704
6353 3024
7139 923
6665 7220
5519 4147
1866 2902
4247 6981
510 2604
4249 358
6299 6645
3952 4784
2336 4911
6401 6070
3529 6062
7158 932
63 4210
5820 4857
3734 7614
5068 3857
5801 1408
4548 6247
5415 3277
6202 2469
4970 6455
4434 6501
7460 3538
7846 1671
1609 1793
761 385
5380 5125
341 5724
4428 6484
391 7918
7340 7418
6870 6738
1363 2771
7922 6869
4321 3594
1328 5222
410 7359
548 2952
2367 2366
5345 5477
197 5025
3085 2730
2579 6576
2951 2012
1030 5524
3169 6262
5173 1546
7999 1475
2807 4046
1404 6019
3863 4341
3742 980
7068 4583
6817 615
7200 5577
560 5266
4000 1518
7633 6613
6546 3526
2400 5973
5068 3421
4107 7616
1967 5067
6260 4216
2028 5354
6469 1907
6982 7740
6200 1604
7449 4155
5502 7015
4550 4808
7312 6876
2859 186
1787 578
3954 954
2375 6099
3890 5834
316 6017
202 1113
7290 1010
4842 1350
2610 6990
7951 5478
7801 5279
2780 6653
2698 519
7797 5225
7646 4761
4601 7625
3309 5084
2751 2468
185 2807
6855 7164
6807 5426
7554 2672
4755 98
2211 7780
7122 811
515 4988
4887 5844
2125 7630
6157 3787
5723 2800
6343 4269
5727 3594
3070 690
6698 7497
7709 703
4840 6989
5729 4277
5010 3654
2625 7589
671 6591
2153 5419
3304 2781
3962 1707
5588 6902
4632 5270
549 836
4296 2564
6109 6148
7075 2199
2092 2517
3888 3706
4905 809
6818 5752
5524 5512
5760 3439
1817 5324
7661 96
123 2974
3995 7004
6773 3511
4167 3532
5637 5517
5098 5660
6356 803
7956 5834
570 6353
3217 6137
6843 2863
5398 2902
222 1410
7990 6657
4934 7650
2894 6095
1235 7007
7753 556
3554 1214
785 2513
5299 596
2329 7239
2513 5631
7860 6725
6191 4307
5206 412
1963 6220
52 2073
377 5657
26 6627
2329 1681
19 1505
3635 4120
6137 2962
5527 5428
2009 1758
436 3935
861 3698
3481 5630
2214 4281
4074 2216
1661 1498
4375 2071
7970 3613
4721 1409
5619 4136
5730 5615
2646 2586
7422 1150
6284 751
7281 5350
5896 1054
1759 2734
7375 5846
5395 5050
2131 4269
563 7649
1754 7496
7552 7580
780 7308
6678 6059
