249314
393332
810012
203510
233397
329460
877250
145424
162557
939597
120864
661295
641160
945649
791167
668305
513882
321525
590320
340577
590109
572424
303536
695603
972915
586376
469514
132378
981463
712081
705517
795842
720678
258547
508610
384715
394956
331738
515025
200951
250310
337693
662460
623163
907062
842292
296907
277812
523392
613766
883258
630227
684875
594261
852450
393156
561081
178383
442805
377991
228158
881615
717711
914251
323773
205667
517606
426623
346803
890251
445244
518692
673129
480623
186298
216098
526062
999734
976175
987984
792273
927349
215072
260714
120716
700184
173565
182085
325130
514135
547815
214212
590187
370892
606092
961553
127868
101659
140983
961662
852279
715370
959424
932642
320732
855928
327247
968944
113855
411145
757300
633782
527375
145287
158942
364129
353483
351768
910763
231908
728753
520041
566613
340135
670339
438362
420090
123478
131533
362626
275247
766093
169289
369165
316728
156361
747939
761047
477295
926674
804948
516085
665613
704928
764829
171877
515830
710424
893409
207074
372107
622637
270865
134210
459861
407219
565157
462211
988906
146450
569246
891604
320126
523291
800519
267779
535897
792955
745337
805219
417032
639928
635065
525721
987218
958359
352141
168384
925535
407016
710770
302535
763675
876099
840680
149993
852293
167641
631409
732242
701074
799137
272071
789911
234871
760981
593136
460509
435710
552560
443228
361569
842066
183095
573243
546709
478829
634074
170179
433551
452617
183467
343111
488532
649083
747648
300564
759108
271438
240429
209167
669554
874319
383105
523922
737835
617698
847683
678088
718086
670547
933474
746588
965947
733730
172388
662692
519347
635277
630974
771756
496832
523326
492742
594590
774220
898389
266014
760890
981683
802754
638070
951700
746628
817305
497747
425877
413069
444996
742652
136927
683418
279269
592992
790333
837200
338137
345286
613081
701182
490212
388536
187678
584820
832589
512916
568402
679052
939437
717940
627318
582138
964820
435056
652645
379634
698459
836713
137850
870130
684044
570664
144523
638471
742883
957108
531260
275797
222531
789519
819735
149758
264559
646661
352054
393186
387176
377701
935074
781589
854473
387339
361766
598427
670920
213190
434713
362985
291903
371771
514152
837567
936042
159829
654870
336487
949147
109276
320055
851354
696818
623128
562285
417785
563314
107866
592547
910454
223143
212958
123352
153188
330753
287300
575331
634617
958169
760668
347722
497019
107650
826938
534297
388742
371892
993379
413476
102818
701941
721811
625032
554748
839992
442050
950660
810466
540487
300837
530325
334065
980306
249007
780266
520022
481537
176755
368679
256179
366214
276516
925951
891742
122416
818128
976748
677375
393948
579112
331471
398580
519419
504320
809783
941090
834405
282505
593843
249138
519182
705539
842076
587285
719140
566970
895401
972144
494698
544076
722666
286958
528176
507847
686998
702666
837505
221791
441586
887453
977639
966115
928949
923045
470202
783434
277748
236116
540952
827086
431731
902580
874793
838043
398934
700393
869207
691752
308121
961307
296227
311359
423424
959290
978752
579301
728856
224552
275239
865805
787275
364692
386830
675646
518735
958489
813803
292183
823803
957384
203808
204334
170252
367559
505907
770842
153639
604502
368932
765669
648389
349136
681010
590498
977143
702437
621032
176313
134314
600933
192438
185028
192592
869853
840857
555306
949490
379048
445580
704453
342334
388574
783981
789193
976679
799526
736966
765365
628004
990072
808237
189776
700474
945554
750834
331675
702263
874605
590325
418536
506483
801306
375939
900428
316741
783182
315988
824253
104060
685040
137080
804177
886166
462540
477376
752588
879981
529781
935762
448006
618617
983165
481837
234649
233864
306475
904755
864283
427995
507534
214792
423801
201262
537923
757314
632443
855506
171243
599807
142846
367133
737891
267362
447130
809084
615900
222951
263679
283554
104501
560154
190960
862997
111984
644837
856269
596068
509810
449248
457069
723449
393387
545846
808719
438573
911041
943007
941877
602807
853646
292895
406386
712887
241199
906148
689430
207615
709344
189233
135477
876998
758618
431696
127299
343180
522548
285585
404370
188208
122888
520683
633437
157693
851051
975214
837064
496798
454957
255457
676447
696917
779330
434382
161264
934733
183274
828785
101371
836788
942618
833762
519342
834736
771898
545195
720029
279468
486657
664435
358460
380676
311029
433207
628955
958944
110652
184379
213666
265723
185841
973221
552472
685261
778993
640080
840775
595756
413909
314456
698209
663884
831544
585755
485165
725408
683154
906753
484812
477383
417342
456618
944734
895821
434343
965161
658687
130324
837064
492243
375229
175912
584992
730981
427944
686687
956631
511517
774595
818740
114832
959362
853336
755574
186652
192873
663417
919887
365387
613517
627567
596022
710150
199043
541289
857905
303401
938446
785580
583328
245387
852778
850149
352324
109049
986863
577691
440353
132286
183234
972800
117674
702200
825710
989103
982099
264188
192462
638489
498752
336730
315429
648372
574859
244239
540940
842531
191848
576221
438737
347980
484433
325226
784327
726746
711734
836397
646493
940931
913518
636064
863815
124275
860684
827359
838204
776842
619193
421199
420876
433345
404352
635406
990901
947070
440464
349487
557617
950027
226860
989720
237766
243267
199857
190169
180139
321652
188971
116110
367326
525194
532504
999649
637851
628805
863944
533604
893322
265159
974752
254727
729781
974954
953331
214287
735284
260696
552565
708772
987065
788089
374377
757834
231611
627458
512730
173516
612650
382633
314528
303523
753156
132660
938524
177905
999446
740848
515089
173946
659506
657050
608591
683296
889939
738904
441280
120026
224439
271596
705666
538102
287676
894566
816454
811502
366961
750452
775005
953232
127836
191797
852356
501559
758073
747105
399115
522107
451330
107330
379653
110164
422661
534467
617163
857773
373063
837372
325156
608319
233188
407734
624757
554689
933775
438865
134730
747168
732846
977080
215331
863784
229223
596396
555987
202815
477730
439254
261115
977311
477802
400832
364582
922301
972599
400269
700236
440504
618538
606007
638928
897826
706371
374364
520096
906250
138566
859886
323163
119437
136292
337788
959763
848048
394489
503154
849054
268035
899776
505752
294077
676344
262773
231316
554727
402851
670699
887983
684939
393995
764133
829481
415056
471423
831128
212357
180315
501717
870645
717630
814458
309390
788429
244470
468228
131331
209152
693285
745577
366821
117091
112628
893730
743231
489303
115524
317853
372621
649406
129169
824646
681854
892755
891841
139269
212714
759973
468256
812991
256262
754432
990596
362036
836504
960992
907673
295549
543308
960815
822123
184787
494546
606486
284526
400714
711237
390346
978405
464495
224146
381927
664115
414099
480336
152992
454105
365349
584673
737847
926189
127605
198347
166107
908695
750333
508435
732457
252153
743880
441238
197931
748308
734786
900041
178775
821454
479160
190859
455418
410958
465882
103018
274629
883608
497176
630960
950185
671481
752207
348770
955532
322467
214754
447587
476097
938525
213007
917136
630191
982379
132836
782686
999484
281273
381353
547588
619247
229456
354369
926239
186022
756971
563821
226462
833044
811130
992033
801361
785021
669524
578566
638144
757369
723195
844089
268756
864724
451153
678864
680360
408505
440902
113678
192254
109937
166531
176024
258133
686209
899880
852028
586347
662935
711040
402415
318824
467882
194835
311556
510720
963409
713191
178052
395067
365862
624839
215620
212675
902303
568965
366319
968374
499788
297366
586867
637335
349392
350311
840900
656984
851673
106182
136272
360431
794916
508440
392472
946482
283907
103007
622703
398300
562160
223831
776318
982119
960648
417357
706837
187793
734752
392604
876980
841303
369861
314591
418526
107007
195318
249371
603723
349910
994889
366462
323695
309304
159102
516669
988360
898214
602851
386249
329853
251296
686871
437705
332985
375873
150461
233396
762822
124761
559352
461600
136490
493934
266440
591183
770878
849346
219160
369219
493528
318545
270146
710807
351175
892358
653145
591547
416810
475758
645384
484744
698080
977204
970588
982356
597057
128748
963832
242056
448940
278831
412574
507514
119257
412258
466752
303643
124823
710661
221692
694425
511115
971080
814022
718212
822941
179462
306164
273108
152938
737748
718065
704545
688277
796418
836673
333485
939454
730282
545022
860972
518031
181687
388743
761479
605454
604782
165099
844160
102578
793568
768840
970224
754274
449915
920523
394361
588112
751211
433270
700860
819878
868668
604545
114275
460134
363667
854042
175874
585610
924534
783548
833035
753695
497116
962193
848289
298678
527966
537281
240943
261059
486619
753571
438427
830945
600044
909927
806162
488851
170843
915163
989983
429730
178751
392129
161650
800756
225150
276909
356617
564884
121978
800562
868495
512549
695997
861379
720998
420357
982671
784819
289443
461072
269066
634583
769240
332852
762032
977191
741955
797782
911430
742599
247088
946453
948534
750070
208539
859266
929981
809098
556751
858163
344071
455420
682224
184823
767019
906495
550819
440027
122449
614791
129990
550739
978689
511692
269421
145415
682685
376125
411222
663541
519561
261567
606510
320319
893773
890013
143391
821867
615286
657466
368820
368473
683822
881334
500740
177628
922252
860865
888063
318920
723097
662891
525699
572272
646929
570739
180776
509657
530938
892155
474187
545265
785959
888489
110152
155614
339462
264395
570258
822374
393144
427382
934421
862970
752843
289043
700680
563081
882399
509484
390672
366867
943862
856599
836082
610317
145831
946091
591158
755601
567322
150661
843417
676508
740542
503591
423310
634079
698742
477994
974413
277808
992479
972042
444937
609193
966948
908707
127283
434648
215737
546395
437103
260467
572484
425849
958990
555395
766495
315431
564803
979651
653465
787440
121617
939920
771948
750686
884140
894805
417846
837594
394106
181243
981220
284712
716660
978874
605411
451589
160468
706820
637594
305050
527376
940232
301423
384836
880890
271005
608554
121845
589635
703080
169733
889125
408853
133856
696072
954941
893440
397339
113248
694354
117447
445589
564415
484076
394200
811225
135778
222979
147493
520853
428821
654881
758374
167904
803515
521359
221316
213351
297613
173112
176436
536635
561385
484324
624787
296488
460528
642396
708668
755464
209734
966711
974043
109796
854400
813509
484047
958272
462483
378119
868946
212018
573221
547873
465126
103772
102436
878961
191871
168029
814739
166841
241562
470067
793148
856765
945334
419124
136600
492522
389752
398106
519125
369968
186432
488895
865903
359246
309369
851984
627324
728545
924916
195375
931470
370154
213089
404246
838599
406566
356144
432664
207424
493024
935993
446802
191656
914487
657152
724172
607463
551662
248542
799299
273438
631973
513295
285321
630971
685931
870411
609941
910062
897061
288680
730204
108275
902281
177361
624694
448998
451415
892750
778036
834920
754265
313381
112886
456817
193151
412583
284182
232315
784089
445859
997250
288097
610255
748042
434158
826291
337989
811942
679128
698472
979191
784022
280199
677994
234926
222787
206628
627604
354181
496608
780822
247734
957857
658187
654632
688055
532181
617734
142722
554612
864491
500682
700373
580302
310970
331341
835798
122070
442419
770730
385870
191715
465111
733029
656760
126108
375773
273676
458070
372623
202797
964274
644741
674622
331376
989385
932078
460024
215820
332556
195828
629748
846504
770931
134417
966119
186657
524923
579500
172367
883801
410859
175050
483362
396892
822903
218588
861035
580924
628483
413917
998256
172486
674662
480339
191172
191335
394742
476331
630269
787911
111327
346955
104617
215442
396826
117535
388274
707993
391583
882534
162469
629230
226936
113799
164870
489717
361335
248919
660204
639864
918646
730642
238607
265970
107369
548738
149771
506764
669263
892259
359352
198567
282748
407100
354450
474257
594364
941061
756283
726992
832101
690527
642931
531638
516869
360714
901836
805900
518929
409045
589435
235184
867293
410251
195300
577018
393845
930201
681384
496491
153939
325959
293003
704133
900729
141419
722167
636184
864129
839591
119434
603428
169313
986170
115813
674326
646877
450162
410695
881445
739478
306360
216893
171545
137808
557845
502795
469130
900185
323568
951478
195545
367891
896019
489496
335353
609728
135159
656650
733643
312312
127596
397931
489543
135250
677996
987129
975706
273115
473189
730845
863471
815973
887505
938186
554513
183141
316985
451873
191483
678188
444253
921263
299024
571767
350435
435416
472011
739227
804897
294040
345554
168196
900682
780716
690287
747845
279856
454200
765989
586871
454228
182616
301565
625739
432140
970838
374653
696154
895293
234308
776553
532776
360481
137919
335800
795492
382728
957550
148950
638525
959885
329759
509717
306488
169421
944656
276786
997460
342015
257844
303308
238645
915915
647795
755856
269858
855018
584110
508303
877256
941304
400127
852050
604951
198772
791108
111806
580880
543036
570786
988691
846938
846267
116004
171192
397459
436247
455242
554068
690780
450712
497794
516595
493700
383028
909823
602984
244180
822204
558661
652413
991507
940503
134021
122964
213438
382211
273708
727129
378199
599614
526686
207357
201503
586655
519863
169250
231188
734933
473753
303974
419772
445608
811778
828726
849297
611141
809255
720419
653680
583751
647204
781059
462005
824587
946380
313544
907886
426836
424923
471270
498611
972275
787085
312164
793033
571389
561253
818011
278209
591748
287256
139402
120694
816112
321245
467405
908155
138230
445711
170003
741730
706742
869395
756657
475757
443449
836151
240090
465329
953203
226210
669057
204905
695103
990951
940793
511788
254463
936742
876580
321422
340458
324320
630507
241904
891000
863606
178497
217049
561910
339381
706629
887837
323113
443799
585951
477353
858165
982797
346481
527430
201561
999112
924173
821999
912973
292616
801471
596279
943064
469390
542567
685568
547548
549980
437841
779592
571123
388422
802543
164594
643433
245872
972302
762689
670000
633535
401605
428349
466869
490875
459400
906245
662507
920281
269601
728498
601286
714536
505073
275275
997950
826225
907425
355850
463878
457732
974605
967485
335322
240483
823661
485991
622045
934569
892896
642623
127445
874221
548255
927898
775271
480552
903771
864952
258651
432016
489674
757168
899787
474081
622073
441673
934475
213321
181592
338062
629712
795557
888309
830124
683439
554773
904492
150986
630921
788662
885091
221274
526804
772089
896109
565285
261355
512047
948444
160320
602987
776700
694389
128725
831060
238197
978506
754079
583290
220099
464844
225753
777032
622657
635639
741594
998437
640921
739464
185941
306787
241160
770417
397120
732233
705931
302459
921951
323604
753958
692655
289071
837310
351067
753174
696396
741499
261722
213335
787494
316085
255724
118250
115236
837495
646677
740425
338264
825198
924710
272716
270756
238953
375602
964412
535469
264213
681029
244095
205480
879128
987696
947588
291835
768625
340954
539021
626435
494165
321292
364209
599054
149966
647315
831169
305080
346442
851621
785209
823240
691088
488719
615681
661876
772273
279001
664467
923155
363194
749926
247027
396048
435609
209705
916211
662492
668007
544185
640907
739650
380757
480654
775388
410721
459009
462705
854053
422397
738041
845473
992377
732264
522864
147499
621251
405730
492953
725306
926517
272734
196006
209549
555213
296054
949841
308218
226679
260876
157637
651786
349128
912284
376543
881609
705030
806311
885857
745546
122245
902275
452950
484268
439199
228003
272809
907822
559917
635986
657257
409887
909749
626045
273128
494203
235018
236450
457831
996351
492612
940426
700959
943078
783302
990892
960736
244723
499169
752331
790393
503197
286430
719875
352661
975951
625926
202857
331903
670023
281867
688823
329177
791849
407256
892533
779503
752623
384393
588685
364882
182945
405119
598355
275735
491503
576298
359596
909107
307310
921234
800699
851578
137134
691232
895959
739510
107185
583273
791883
515911
224304
712359
126450
238076
763280
135153
723495
885909
671012
791864
529625
880045
261612
878905
852266
209162
795652
894129
205310
601737
457250
256741
632760
856523
618093
799583
996282
587345
554415
884761
833137
995996
476765
439689
243154
668586
209952
230261
226305
943475
671391
501087
123097
997650
990978
772345
518094
719180
525289
642874
307531
939131
846775
520382
725259
974271
967643
918526
971810
995903
933684
413288
817469
647182
241237
937129
357198
229437
279111
586174
193946
470848
121587
880973
579711
987007
694508
462713
682779
485104
790301
426402
342439
268461
383279
879567
747914
651198
153102
859441
206320
571443
538013
888138
151758
543897
448382
460028
156117
804001
652009
408228
621505
173236
412172
186409
310610
915041
124163
472261
150169
834327
132525
906544
673104
386549
252358
782919
973448
924186
656450
828848
924697
247418
418157
856754
914459
940485
810160
297878
955896
197551
306152
731116
150380
251642
831079
377960
361600
849069
611232
807026
447315
856288
557959
837306
914390
846707
320436
464362
417067
810759
221698
194183
490896
691418
506839
829341
462528
892910
121383
563959
903004
113965
525352
664202
360924
211635
669597
642074
549448
809773
299873
707465
275604
605309
710666
170155
804845
939499
689021
195596
884405
529087
990865
162642
392470
551484
905943
305362
282624
863666
583751
406334
706897
727672
114088
289526
826863
297341
664758
537055
244923
629083
951472
905001
918700
877434
221457
796499
156932
960142
659748
142603
490240
255110
973667
821942
895057
561241
681752
512810
848350
883719
388758
317592
166598
620992
879126
917735
124609
881349
848026
444040
454828
234944
747344
970655
878541
285845
133476
661047
269239
555690
313367
961451
534388
673874
562508
244748
992683
880135
375397
368093
760025
210491
903605
115518
818313
557040
158483
879841
895643
540819
270894
461588
104090
905914
892414
336033
282337
260231
755872
688221
814851
375314
563144
318038
576634
266234
415725
456980
441600
244084
354224
134539
461047
641803
903122
356665
332958
873413
599852
632151
341245
895090
853864
725533
682944
188421
900093
240675
935273
729374
484596
942280
245639
609035
321283
952818
277003
588285
804017
966366
182246
767773
936176
549723
924398
742621
715767
396498
790870
895134
174589
384887
876490
794304
764700
596838
534143
849865
501472
105934
278353
589635
192424
114406
892561
774385
899545
322904
355887
785255
995294
349388
685500
312327
102639
654003
636048
236193
793799
715637
674417
190867
463128
352956
186880
161690
169101
414674
968645
868082
455689
277434
918231
493025
110066
267438
420001
355987
768331
784298
936410
275892
974578
581679
308690
274813
830388
950169
430158
949870
156899
402892
437254
285726
592863
864435
207668
969690
366133
671514
702634
440765
510697
216380
466462
995674
665029
443481
432421
499285
803012
251578
812668
750462
548686
166888
545666
347908
164298
573388
983761
701531
869946
355818
996306
834073
590060
362756
791223
799858
727201
423626
161233
568096
270136
683987
838811
249673
988512
826985
366195
879006
600436
421008
647219
504730
107821
856514
946025
953543
309536
195556
764889
891872
923402
580462
127907
330631
348841
371591
637116
860114
759887
999403
906784
841919
814271
592649
332590
255083
139659
408365
306548
432618
589206
412223
785237
360417
916996
393299
825117
443223
127187
551515
699138
459940
865242
898597
597563
692997
550649
485360
201030
641056
315146
407021
717271
790743
655376
212446
331316
974836
681287
661324
525767
465548
314879
969591
324773
781480
683991
658792
187048
230815
183412
224712
245402
537851
884988
408151
953611
832389
210796
781959
290664
205877
150770
106274
940767
131009
642803
649583
516690
640584
905198
151913
500821
592648
466642
764748
906498
755223
468826
791530
691598
940126
651110
668398
737014
484795
979300
177991
500393
482408
811393
826821
615363
935535
299457
957507
125607
457702
376530
445200
536062
190534
498510
378750
902038
114972
680558
406916
437424
868640
305255
245601
722928
231509
284215
209361
688847
122784
957255
687527
532588
511754
602231
331381
312188
961059
407553
944338
209826
820552
319087
358915
663862
911821
157103
991603
171689
790418
265192
149974
896481
327304
868701
584961
828038
505647
361182
652823
352144
640609
379103
379657
793836
900591
985792
674930
659606
202343
265307
593038
271516
306588
817885
814593
152340
809842
953790
932084
274746
504366
826699
555763
336825
521538
695204
360784
296082
818866
589379
380444
613261
393923
270114
662153
591863
605349
693412
517004
323576
800880
461548
885174
153895
955372
625802
551218
495698
203467
395152
370788
681379
895169
817638
676897
495668
166279
357420
779283
648915
467359
879475
381064
911963
760041
794299
583535
281792
116489
478432
885246
886936
513833
618360
419297
559299
450239
727759
398000
576431
948186
759412
108368
760780
605091
222277
859558
516051
342235
572215
555856
659917
491133
903288
970494
434888
830511
202053
442987
713091
519155
798577
407249
952186
140977
371116
923010
342124
136414
356934
967422
777665
335983
921375
924287
241606
644721
698406
767679
481005
830432
712008
213382
356354
814391
399129
855801
455293
955359
825721
942512
755424
684396
260365
502199
231679
280699
844220
742897
156587
823455
362511
290527
716245
146405
369662
872474
532779
970487
137547
435409
419844
857031
148420
479580
927773
139875
855287
385269
467189
688688
814577
490549
725016
177555
560245
252925
541511
914406
497114
321550
885350
740300
314358
361550
967133
474248
443362
488390
994279
625942
913720
761918
185550
122756
276942
914937
588416
872395
942711
442296
279718
698003
319447
318757
667816
893987
224051
604710
209511
183389
579365
364759
742522
602095
632611
480794
754514
950182
403976
764281
144184
672883
569336
434757
484411
697139
245029
515219
989680
998660
736467
601786
299521
141615
268303
926442
980593
897881
122666
257372
608706
244339
177181
185148
577851
192552
461935
881739
932443
681891
943888
670817
601122
151991
571740
678841
127575
593864
264113
693857
636707
148836
568934
779525
203777
453177
984153
957749
735710
185186
405130
213911
424832
927211
720266
230587
665843
424175
339152
770705
881986
376968
647380
967969
241651
544480
692040
325335
710467
799627
841032
238158
312090
576429
601101
218283
717334
385412
810481
475806
556986
797128
662336
161878
367765
231990
653351
139982
440690
882702
863740
910257
467032
532207
791162
203835
167548
583288
776083
963013
171037
506031
156780
411695
638213
935773
809894
147263
657537
287689
841520
514009
222005
554153
432574
963735
197271
914380
738833
166495
995734
978207
537956
621508
333509
817988
316354
811727
835406
751380
847298
251655
676627
767114
228789
752838
715128
694815
658286
303945
284847
482123
974856
942578
155501
261637
133260
457455
417304
222508
149442
733579
307932
312656
389324
279137
347785
777572
664149
401377
958361
353106
873519
678791
914335
541046
882134
890840
467680
400920
422062
678003
884137
997867
865713
970805
235824
661299
739707
508495
171991
262185
586268
441627
723659
705535
873677
332870
545397
463769
402525
856055
600291
129383
668702
366564
978590
587972
530372
121345
325960
202984
950635
184527
481512
857930
219962
630381
519369
909062
345613
519262
850696
350788
649857
747027
642901
214234
766168
316260
212404
509904
781154
398498
928210
727710
583169
431451
476140
135291
161220
815358
897362
106796
635784
811003
974077
781484
375678
799308
371140
867336
817085
422573
778305
808748
203873
254824
759740
493654
779569
337036
293412
422261
750498
566434
407989
637413
486161
363219
874590
215876
572830
794465
867176
641746
168435
731540
844167
232264
154352
755746
931247
800549
753317
898490
881761
451190
356949
185529
997319
867710
160036
538183
161916
808792
223309
937803
937555
390534
897565
264551
136197
388396
609598
175747
334098
210207
794786
947490
175500
635871
730208
861388
921278
242342
765321
833247
914450
589524
773543
327892
155985
865598
861057
571837
599798
224645
743563
677452
849411
919952
541945
362573
115301
650631
876978
877287
853026
213118
874570
474558
253886
816602
671992
837400
306804
733744
782015
712827
994443
360397
750472
438499
386378
763954
526788
913300
569085
205727
315613
712061
583915
829265
117847
418193
709379
167935
131233
746830
797375
837609
250398
741594
838850
724106
119572
446899
603223
545260
412837
705836
666306
629519
175212
997259
691930
260095
267148
880066
178278
511888
946596
773446
493002
950423
860706
498894
683574
598231
974109
986138
269596
865430
561271
316426
626475
194437
600881
570267
926055
926124
976275
397060
650653
500283
521249
778090
952591
204359
493448
924822
190157
362602
741212
137880
608031
110402
537695
673025
540163
926747
735469
734018
678344
224589
877800
611350
543650
828238
577074
415284
686862
967935
159015
462733
936835
787792
241894
391127
681458
324221
648485
885120
716798
803847
722808
483327
521812
854965
820055
721032
944632
835161
997740
363967
484677
645947
295120
718120
764757
225460
681176
256923
550562
473421
101371
471743
856063
613696
383054
307909
125572
872202
452798
934570
539521
538771
852384
518704
275419
882294
335965
344431
175304
723296
552610
218447
255220
285326
669754
456820
763882
971325
622043
704307
338455
583271
248088
237422
365573
298351
657844
653971
884608
790627
513210
505310
471902
713025
272068
457216
583044
968108
828020
925594
910267
542835
633565
450963
201883
442395
375405
350814
274267
301363
919436
317625
677232
292007
841192
345659
620933
539298
696142
436785
524510
106913
899102
781844
462970
525808
685643
165589
698887
412674
402229
102300
296950
394683
750795
128759
752067
466206
191920
397434
684491
689302
262604
556808
531960
681774
927492
566406
991338
528219
264825
363197
618163
887707
297605
907702
844445
669915
258014
305065
994879
982973
624527
298158
586122
250918
420347
970835
466018
971869
687803
293872
373114
775316
347247
773723
478354
129996
291121
884241
241094
793787
173318
115497
955111
426525
765487
428583
886787
527159
805864
190684
240860
466634
333104
390544
724202
740409
445383
421013
921217
463052
840677
719179
843764
434597
704675
247612
957660
616100
196482
515975
545981
435168
685902
561829
555842
294017
336799
998348
206421
220010
857759
694686
386575
405069
442818
301270
147819
147904
300632
135317
786711
787584
105687
727945
159013
711510
797405
675140
969274
878923
610202
194800
707917
192723
354090
838518
864999
358945
535934
616918
188010
124757
680767
621138
485399
224437
262355
556187
334386
698172
213698
769540
928667
937514
339337
889693
875086
482007
478518
851319
236272
779581
856254
250033
304016
953303
317734
704729
962901
337193
114844
491443
661444
394735
478720
254593
720562
181480
749315
338038
558450
467269
411082
336865
333889
100420
645404
793029
545106
264439
111287
119126
114237
300357
161518
157212
306712
471059
959913
809256
982354
555797
141462
752175
912424
991914
958794
731442
331557
319556
990576
595595
484691
475037
274050
904123
952791
809577
539200
293674
691782
241983
339231
748058
532009
590386
918873
892538
286921
218024
597117
635055
727226
297950
143632
548355
208325
922060
380554
609127
394881
761719
245151
125699
976144
135443
492588
703640
591558
510432
339332
571894
242118
194612
978327
556072
553718
665479
173361
224611
339638
346003
804839
523447
840479
300157
215890
654513
738815
122740
758959
993445
217098
129786
905561
428042
320847
718429
636146
156838
141302
483749
978666
705923
211094
937260
366479
849570
296680
824651
747033
436006
876064
135974
294295
197518
924253
485400
962982
401373
980791
747089
932838
414142
622857
917192
613187
218254
243809
742783
354314
186546
469465
504783
287826
583441
546145
614808
456354
238045
546132
992574
926398
386073
997591
264631
934744
964254
418523
285010
160680
568525
506244
713671
111168
567122
458688
401627
294929
847338
626571
716064
989650
992373
684776
727313
659422
444463
432060
727437
262437
333945
863705
434428
525228
281914
171710
150736
938017
645306
650688
160372
487653
965265
616958
818852
576185
968482
743993
483350
788628
347141
582454
797701
424754
888708
570650
128804
480216
345533
204627
514389
158731
802920
221472
152179
269467
912173
637943
230497
507566
992014
116444
650088
721445
704040
552004
634993
785983
875357
151796
570714
810274
626473
411473
285035
668929
457163
256054
457711
755303
410503
211738
437987
981314
631387
927263
275923
104274
178831
960543
150047
776168
561486
848200
248835
163735
166477
508942
799440
953583
449383
507938
648816
627417
332857
307679
393440
514283
698136
504065
990613
357713
848210
814333
260355
847743
869029
694647
576242
766417
374586
113763
725850
112840
126656
615528
435628
837848
839831
620093
509374
348693
739333
723468
595622
448914
129657
346015
826800
736003
425695
118996
931056
586397
836493
548147
348653
890378
933792
744167
267054
781284
230913
785539
175024
953274
559854
520014
178189
981762
476981
831334
631165
110107
187947
880813
137860
757837
276814
780622
114151
605961
602096
222309
205081
383575
688067
998491
202927
253410
769160
581923
413964
796767
785838
581857
479970
223203
771584
163584
426291
842265
633324
424041
285619
566732
362788
297571
327613
787791
392797
210939
575697
688493
150806
893945
964633
563517
373568
702191
290627
525950
123712
507962
685300
742744
647851
630391
252590
159633
882352
601088
882608
910792
326370
760619
741171
451728
759109
189048
351619
956337
494149
812017
525137
432214
710066
632632
700047
429908
986689
799908
868866
386486
437932
947077
927780
416129
691270
152111
359736
325597
599497
275827
739581
344527
882725
794117
808529
476151
825801
619381
903541
797999
800626
463050
505065
385237
499801
211137
909364
536280
669583
646896
416649
291199
730631
842305
534266
130968
475627
674259
344877
501997
516717
144444
172073
824580
435433
572856
699810
384831
447036
104662
306735
693443
786526
689463
893241
695172
878365
681857
277529
840835
312987
332212
963086
545774
440783
628176
400927
349947
390777
223822
590817
791010
742710
483894
400070
193817
575889
953598
274726
896389
349973
246182
340616
730306
748330
503645
728466
418992
909900
934118
471770
174276
548834
787919
806664
707110
221721
992577
106707
639517
448770
546958
945276
136707
304613
133656
935943
302966
227548
446324
981015
592154
615092
577388
902411
695625
801822
503958
624910
412148
799952
401848
658149
508897
407271
283443
752736
384311
885294
936321
811141
701357
619892
806484
515072
785563
315622
817958
273003
997002
644054
968573
785039
293016
388565
697217
330158
641855
832070
710098
103512
637861
122282
226793
436623
649541
470776
447776
674673
869019
616050
201152
999016
454690
456009
165940
953789
140071
509693
861425
784645
517456
261719
579704
654869
765053
174002
829791
345027
193751
854982
353666
783537
846601
433020
421143
395968
339184
704557
328412
454816
481062
408446
199994
531778
792223
119296
595471
707434
665384
581042
148100
204465
723990
531078
447713
742221
340237
111473
525084
698466
421074
611079
367770
727388
239183
836434
442597
138901
851884
266781
105879
940450
255044
881007
440171
856188
880333
144091
873765
334575
291110
425515
725311
783814
223975
219158
534514
527136
355917
910815
522370
812584
396706
941700
707458
466389
374253
161853
250030
293678
737721
484641
190328
179989
420472
481850
335582
288901
836705
253644
192949
864067
213372
574249
168177
798141
746385
705792
252532
298495
642972
600647
445476
222744
299029
229971
202061
339778
703759
380202
936352
935064
552086
833458
439973
631952
363661
408471
192066
467288
767893
855774
811538
178728
912240
414255
931649
173996
625027
662049
909357
953082
311000
395302
843625
182942
945639
337386
466316
690249
904164
367865
190538
471190
750840
539354
182574
254450
673012
937032
499010
464372
656880
982880
857154
950289
857288
230973
781346
166723
305877
784777
234327
461558
868829
574496
745673
120061
725551
926784
123290
614110
955780
835566
903059
959800
323580
304048
653546
843565
150404
798887
237595
129172
365027
977858
173260
477576
901091
785118
181975
370119
537571
158144
565688
221906
975547
324987
108098
913549
447528
760411
284605
298735
260275
867343
459354
142899
765358
772228
983726
458697
758287
550671
654837
469169
726253
143297
185910
906678
519900
959962
857575
492213
840241
136417
401346
672417
171528
605677
416169
651251
688050
329256
614392
395627
366914
799129
411432
991486
159285
981036
781793
615241
601749
602996
177157
128137
784593
746831
434692
525855
708190
302215
706354
567007
691846
421462
112009
965015
222979
585228
617746
475132
426060
884563
790086
356989
119994
538536
692597
733993
636459
961262
954940
676175
593635
433455
569073
228749
501803
179271
851082
224883
647963
285919
672403
493950
558288
473580
725312
512810
575508
664214
233257
471660
720842
860675
530843
914300
161541
709768
826114
244910
740547
144779
541030
332246
320782
955135
131978
996678
594069
818010
723900
690256
511569
825602
929175
542865
822945
366533
410513
560294
881080
933507
727576
862992
593489
710713
509675
524904
637815
752759
229413
454491
600267
159726
129765
789107
154585
859968
663007
703069
539369
373515
444580
111063
625081
907201
641192
917687
381504
655372
410512
373159
271648
390817
744551
121268
400512
831941
763289
286883
207777
800817
524225
396291
733844
553088
713981
942068
155129
865248
107772
870140
766274
312550
586617
770476
467007
519118
259015
409133
748934
589750
843016
427787
170838
741750
921425
880015
798880
662081
396005
196460
296797
473451
140416
931781
695923
629843
275484
698472
117576
967986
209541
666480
779582
978631
430639
661426
542348
638415
310320
203736
263503
959163
322203
501591
769976
492248
863718
364493
127504
317136
198437
412881
360599
839492
412827
600221
131284
945474
588340
800540
871534
709982
915569
727681
488473
642900
749725
956107
738633
544169
752001
523254
309659
956700
842440
952943
943114
152630
934375
656620
149875
579978
636068
679787
354035
869405
527294
896312
171809
673737
331913
241781
935348
788847
962509
306589
358500
692891
145819
758441
915423
344985
347594
987589
649694
959919
204593
681763
312721
458488
935312
615343
956759
899194
896523
972209
331933
777725
985329
317819
421441
155565
401162
153760
124007
532648
442626
759146
216547
243019
205966
237171
547921
848668
369337
812852
874614
700574
427173
938236
226580
980556
623652
273361
797965
892019
906329
736327
290728
485937
951059
150515
729117
976893
480403
632687
202098
711979
236797
127292
802719
483110
408431
898344
259272
623362
191400
651447
260302
100397
100974
370784
473707
522633
980768
164048
881446
731364
213602
151628
250626
849660
178345
148718
161671
871840
182316
615493
417817
512040
538135
242194
726845
308613
149139
686430
258981
643454
925139
877959
854725
206957
731220
107771
970125
621744
878357
377428
653879
987785
978630
227997
540919
135548
978956
355420
412553
812833
319588
496705
401358
168853
497652
977578
455631
887714
844984
756060
470341
462325
625951
981676
598315
708161
751876
594010
659426
169819
304254
814478
785737
415009
533991
818691
991233
322325
210897
960629
935367
800060
873151
103494
485098
190522
197934
582879
636042
817428
994616
351695
131191
621764
109055
676546
692783
211012
389445
348912
450896
674897
420257
102659
886932
216031
662937
676761
398564
332058
684816
802992
358081
871851
302629
594702
406330
340645
247750
680490
232259
769897
778717
468834
185605
147010
804278
235302
462441
180365
685066
782201
312529
887820
552512
910021
461792
285176
753878
754507
912004
450665
730747
691939
787467
544691
376160
719282
683449
983734
857850
305732
967446
137169
913829
671610
194697
581195
615978
952314
401948
359555
806191
233074
744087
685385
171116
847040
291774
630657
357054
548302
646875
425604
649097
976284
410502
216418
885602
563138
885190
490764
628963
601012
117436
349553
947344
106588
139907
293148
796191
484109
744363
345828
569326
136128
238379
771805
892205
152390
748546
547946
915750
569312
834905
969272
351188
620050
634448
283248
997971
908165
453588
446825
892389
855626
571353
762746
522905
827726
560150
128045
379649
461117
741469
711464
191793
766205
439721
466002
838733
489716
236697
304376
966297
258522
691892
319397
133358
395212
623376
140277
314152
730228
975437
843143
727953
506603
694142
424376
419382
920816
908441
154984
757885
446110
232715
253428
860585
944340
194142
592186
196947
908868
854833
114234
817699
933572
967574
628635
125773
151686
182099
212828
864757
665012
776893
178830
336214
391066
260230
829965
976165
205258
480739
726261
609997
243769
625558
995663
924333
745495
540324
996877
207665
448499
579141
194182
333949
578263
575990
953180
944817
168151
695939
130253
487853
504165
792373
821707
933767
352031
370982
614068
204795
592073
554394
715882
692651
674428
537564
643379
986945
105759
994225
822131
917763
448210
973734
817793
690030
779589
282699
314237
216073
937377
862510
686338
369462
931432
700463
716378
357165
660886
395758
190634
764404
314163
346688
155971
353557
219758
425673
428853
573892
512735
291421
395155
331480
345454
557473
387326
280940
566880
751950
519306
245599
501122
471711
413834
477552
884810
692469
384098
259970
593802
330488
561264
445949
178773
826952
302478
698500
130197
939345
844491
963538
964815
737296
576835
627440
738250
414637
754965
285712
805994
962220
783914
759483
205648
876287
337381
376354
524795
166589
834422
564856
978324
308552
904660
625332
340547
680250
858341
475496
770957
935897
433634
647687
203422
434813
507249
694665
929907
579347
444228
358671
706168
421195
137064
208045
972363
822073
295022
435210
588182
956825
664500
788938
971754
828055
268462
599504
667513
170015
415311
778978
281703
277865
833984
225995
173313
724769
693652
687234
751059
763912
636841
162840
837041
472854
272989
471152
597412
973226
756711
501718
514945
408208
430518
842559
227305
810553
318776
817559
810680
950860
808998
884670
445594
281511
285494
807445
917028
602028
386919
403624
427100
112562
919300
445867
714912
438925
585472
280354
111844
654524
400840
702769
420463
507405
274988
599465
298544
402199
148869
948103
193228
394202
273619
308751
389060
540689
294051
427393
531990
306791
152740
989750
289268
932347
404943
943533
114336
564005
541320
345842
546266
536019
697059
516198
462101
865174
956587
930688
985945
231256
255216
909709
967474
106007
846062
872146
158142
559430
616501
750255
680196
773480
199897
141841
193554
266248
820698
615547
368974
391068
233892
478954
151356
822889
266816
194899
233033
738007
927550
300409
887594
895031
282532
234057
456068
231479
646083
216476
795112
785134
200360
199255
868496
971928
422975
586175
813111
226176
850529
200285
414840
575487
877823
232461
189459
772091
531637
813347
961459
222410
666520
314175
456528
347276
362176
791360
124944
329865
557441
696457
816729
316758
662077
739740
799478
123634
336115
242652
264589
395309
990566
564336
312800
983927
786241
811837
473836
402621
495175
399369
260914
753151
154220
966406
423740
693277
901058
522828
892108
792520
863470
996280
307617
565851
708849
137642
794130
546907
445906
732514
768807
202013
492935
822196
923724
640548
767388
562915
556223
451692
419783
363902
881363
473037
923189
389036
392693
275370
297678
210920
950678
370918
980540
640575
652227
394884
369264
535362
489631
800606
799648
464884
113654
752719
761258
327361
419693
971366
938150
211727
369505
476903
850234
623122
955820
211669
270724
417191
194743
422421
944202
369311
181896
251129
201970
119326
393445
838962
208692
898354
322463
880325
643845
783786
112392
926737
272657
359995
309521
956712
420182
155338
769242
573315
263824
631706
217986
911696
114330
454244
184428
188731
116405
157458
364668
482625
325335
355957
643800
175921
863477
611519
979348
479568
484649
426622
669963
100630
808300
753182
269545
177658
474864
261259
696204
469700
968356
334843
610717
725192
641931
838528
910498
309459
524653
536806
924932
177816
641389
792829
730478
522041
658555
938486
319888
423945
506463
437721
439372
680988
619942
614374
549256
334008
722687
474332
444960
125992
159508
819847
569887
447125
953828
848820
692582
746077
342131
444767
670187
187223
971094
843417
947386
607598
386300
368105
202665
566908
333503
984911
835219
975817
273740
594315
784375
834444
626715
394937
230892
454910
137510
873202
566952
801242
214188
191792
499380
345103
939329
131459
523388
501420
233058
835440
414729
727164
579889
172864
676349
479901
348226
122893
783132
752549
161707
144575
776984
925221
119672
810496
951220
884029
159746
707900
688667
738027
183909
159139
287056
480945
959889
845433
225784
149974
319694
426528
740022
340480
964762
274159
345654
257501
825640
387405
852440
938281
312155
127816
943471
125013
574973
483410
208944
295209
553156
867645
635815
153080
260918
138696
364061
305660
689075
798866
648614
505886
755131
192073
158911
733436
635282
906853
265153
162854
341415
171592
444985
991968
452935
590445
104676
815463
602906
142659
598110
576939
626710
602766
123401
218715
785837
535813
143659
282367
639184
985491
292783
930459
935223
612598
498726
561801
143091
324782
771817
504759
905908
694279
526822
741631
732129
843543
412893
503996
333744
490241
631837
872744
569753
194279
951821
845383
498064
447742
883444
882190
439885
127010
146953
817401
227843
256709
445600
523872
902029
164875
323773
751722
382743
815996
517218
252185
512264
190837
593725
215080
419802
736856
833971
669052
589800
146065
926744
553852
161799
924338
245189
601472
169147
419506
186982
241149
201369
518342
567431
391983
600879
141766
240942
879230
658657
520152
642093
929364
782442
277824
659032
461664
649835
682950
769205
793655
929683
359404
570528
503556
292003
916366
483634
745411
529313
324472
930597
359972
102455
219901
419285
695809
203772
259733
652656
722535
521798
654978
210516
769586
765860
986488
186532
809391
749922
496008
198409
662353
341415
384410
364730
687548
568495
117650
565242
248860
807031
886827
128958
223265
483630
441501
579401
759768
564314
592733
487902
902722
798453
408120
591739
665022
188944
918370
778418
989118
461129
839945
490385
173926
682973
674283
284326
405807
511174
558327
122234
148710
308849
317200
857104
184468
425864
903194
216193
536548
204219
440603
149915
624762
254010
485372
921805
417302
330864
694759
574292
561531
673730
762739
900731
600813
427166
771408
834157
509582
476718
129794
440567
951579
266497
784045
572531
670906
242579
779495
805323
988710
252502
779258
808827
835163
138542
621861
909011
344225
658512
688000
956749
299885
846849
442845
117960
317769
626328
718056
486342
518072
655363
479863
427599
461819
870521
355924
350057
513654
425208
396162
558677
939625
134988
747250
393144
139254
537015
104423
910944
415325
417843
487189
138582
988159
354765
696278
534489
402796
335944
559535
509449
141331
927724
477410
880701
586139
734767
210621
649041
613872
228241
230701
898898
661284
913399
665866
352803
283206
978879
839296
592514
914407
269012
199701
934187
715252
640684
302366
969965
791252
914827
214506
316915
768028
439476
855237
586762
296378
144544
388983
356654
916434
624347
545387
771022
565870
525524
422831
151262
750542
256219
489251
811432
299053
962385
604823
419326
544440
301858
265549
713949
215695
949727
400037
479925
664356
939550
172361
714584
116767
274239
232802
732082
341551
183490
400375
208552
790654
990107
683507
964318
450769
485509
952335
952063
357121
774884
556697
419984
764974
387642
578997
522947
140147
108823
116255
589258
410850
635826
501747
374948
838020
868838
280875
171977
658178
365048
887726
776053
348376
950571
102089
615626
636849
108199
272956
137136
304009
279687
506096
361468
812947
339991
246181
340883
503208
722822
949639
981997
253259
673063
881002
475392
380048
387920
633522
368933
350744
983285
659276
858889
893981
220106
563271
767877
710656
214005
681274
997562
809221
131640
680835
597987
561322
423667
798138
852440
778000
966927
662758
309585
357632
819377
533832
179680
346607
405376
429575
947732
429019
684567
123066
834713
100658
491704
645106
718113
726040
521484
103224
886307
978596
923809
328575
929507
388190
432551
547129
446739
150673
881443
353533
851615
932564
550121
104981
689940
889549
785335
490304
442505
670550
798074
564544
849709
588389
647101
150051
679721
374662
155211
740471
460273
703454
286196
679782
709059
220709
941317
298168
420418
470711
414358
428966
955927
553236
537579
571459
157035
390156
707880
738690
103450
410527
260796
310878
583105
623709
393922
832305
895293
792886
495543
909232
745628
523395
690182
632689
455187
840393
657985
775968
721633
695496
717421
502513
438045
132226
690600
669921
853859
792919
467654
871689
570806
943537
178706
464566
261940
630120
784532
193857
275173
266303
287862
346978
111982
579061
121206
648964
692179
817423
334898
917596
463710
665988
794157
903155
105611
529280
634615
710634
246712
900467
221099
765438
792404
706418
815299
410563
789447
701550
893692
509014
461382
363219
399997
578574
577481
198932
512130
857405
747054
976481
591320
486718
376581
213012
150550
724255
511846
516637
858263
714858
621828
787871
563584
484579
472466
871488
884377
876877
515972
946349
209879
519094
655704
334528
608308
743135
921820
321439
730925
222666
855249
992546
863070
141007
676815
193563
760210
771846
794619
529985
434129
894213
907973
506665
504901
865745
375938
155713
689129
737389
679315
201878
590777
480789
435020
230053
610266
402521
966130
947567
766657
305119
148455
623173
168088
997794
585303
920830
594666
247717
465753
378644
655139
930116
157175
200042
833680
698453
991067
637671
557381
759965
602165
334705
201409
650301
938526
890138
454698
192176
911412
163541
415300
873585
568866
800029
912124
209439
380770
248634
965646
580358
654820
378049
657677
639931
718678
136279
418915
490648
601330
488267
601892
206596
819867
220395
378090
138577
101441
281720
988515
327750
981140
576263
280615
387311
366500
627453
951035
449353
432927
170676
829637
936320
787056
275094
952910
752375
734553
304858
201715
771268
649433
902775
531101
929032
774463
633482
655409
969145
359158
603007
372651
702476
160725
308461
947940
952723
398243
774169
189094
339006
130189
251330
239151
397913
489929
230466
998830
661151
504236
659287
363340
868615
378406
226440
965610
803416
628670
237211
693277
910590
338534
884929
486634
364719
355883
360792
815629
647827
259622
926870
741454
994547
215614
690246
407421
668236
989828
748815
238736
801540
659686
680923
967413
321348
244834
450838
136291
477816
755438
358481
415121
779014
438539
869112
400752
489015
319852
817864
379178
319502
712269
146076
391512
152812
504335
554852
779813
483183
380039
156654
450788
973437
160906
397837
934392
134144
982394
883439
469454
829695
431752
414604
214104
101602
906509
452600
638830
178954
468580
462535
284400
957059
113589
974672
136623
474121
805425
656688
650883
388684
759587
170459
648013
880131
849054
545388
214129
965116
826854
457510
897840
723752
301004
838139
876308
432960
565464
845991
173128
440508
192483
403724
878929
717985
949966
290725
465109
294030
113188
755740
506013
951697
190428
623438
185759
390672
130777
180937
941406
820664
843882
695132
909419
422707
728615
660284
440640
843156
886507
195883
925030
722622
794281
567282
420287
275671
289878
412965
526296
222121
510229
907231
945156
773869
440828
699365
277509
101844
821674
208249
225206
957984
235663
654717
901416
824409
323836
715604
694792
111676
705665
738913
644022
765562
847416
770610
860471
186547
346712
216232
424860
142606
409003
246296
201641
277820
390194
391386
148648
932424
701307
444248
763364
458276
920165
872424
494575
406580
373563
627538
317851
824329
140697
177180
376164
653374
193454
711347
154599
140343
175630
331862
271396
626923
128782
114584
924723
636582
588768
656312
874070
220410
629030
807883
916619
410602
449890
408286
634286
352734
162147
414600
553645
701889
716123
292771
312090
907801
705950
723345
829561
722994
653283
657652
496915
275694
438730
933471
345552
331761
257242
692986
283031
889252
492437
844793
565680
855373
496840
698322
898664
354918
760393
760837
891097
489444
342917
303036
802762
386678
554500
302423
819713
381053
447558
276588
519993
799728
723159
672415
948217
786720
817143
427590
474854
290308
210250
145673
466388
960273
784002
823932
528503
258378
254094
969358
889204
265336
517582
162312
470684
118624
608079
382449
585253
839011
236515
429034
215182
322949
338507
210509
601896
706881
750562
412283
835261
217383
132940
544961
534596
404079
516882
775522
997416
531789
412449
829688
147989
721973
568837
551032
591569
912985
586859
757458
492800
286165
838102
364674
311755
168783
830699
992635
633089
823070
779798
530020
122473
155698
800941
169721
299548
241698
810916
956438
939860
580038
894842
601258
821964
413576
367955
151210
146291
330551
456319
679536
344133
629372
486021
347934
176920
776055
818561
927908
775342
592128
945053
880502
883061
303573
345643
163133
249646
572472
664139
211226
342087
678608
808630
837837
249452
563707
394973
195609
971830
892808
107076
743607
411687
995669
432089
490881
288009
703202
942758
121988
880868
228998
922232
440152
599660
581754
470364
467684
195078
709479
670484
321928
963995
332470
545988
865732
290959
262396
666486
817106
138461
394337
568279
255013
995337
686568
775270
595754
897779
225314
451214
268135
458791
654029
282991
445701
937536
454387
525536
537334
731930
110949
144451
148786
961059
690467
464110
906875
175017
638202
787660
558151
201311
136386
402480
496323
884762
441127
989412
557051
984578
478911
807882
551570
168975
622985
182964
251451
443209
833767
818693
348743
901527
777524
962071
425928
374652
731222
391141
773525
386377
463604
728499
156269
265025
374169
955514
653422
544252
894355
963562
765548
187474
913833
636301
607187
543974
435248
114158
719944
939184
201264
795662
175639
153876
799079
663661
383371
981406
395169
478929
709857
675110
346661
197646
237759
253768
318429
404696
753766
109916
424997
588823
256176
657631
546848
337518
614095
323094
849093
764311
921057
841832
184035
845503
494061
703392
998219
783390
834027
180484
105900
151600
301671
104225
332140
545995
223230
708930
961849
352782
579486
960338
614897
378229
842527
246821
491484
748562
927431
464510
910334
231302
702761
823622
903313
460992
624834
800483
731017
444502
370560
928624
309835
938962
511207
748631
415179
655507
150210
884366
517642
754231
889134
202414
921781
103398
447344
735043
730035
303501
325227
153321
255041
867960
114174
862376
859940
882961
853237
528361
219782
963961
114685
677173
277263
609922
497256
405569
173375
146579
516295
128315
843099
265272
100543
172160
844007
191027
253612
228962
731199
256742
319560
305667
529501
882153
890540
977561
323978
865304
720148
448752
874068
570417
613517
950022
451729
628171
874721
508985
989586
617068
762481
721128
755810
949283
266951
223389
336954
108527
162827
262864
571946
717553
648793
762031
931356
181248
469711
666217
474620
352822
138130
836476
920098
921908
114623
761886
438598
868775
788913
731061
343817
169672
191689
407051
511150
379773
114603
773547
856700
952599
858107
713935
738206
814539
783209
365657
370174
569984
159917
339849
735440
453410
935435
939309
618991
573801
421857
854613
844979
116100
218521
802614
128936
327157
544192
832433
359754
152981
837000
511241
529259
397075
104743
739967
898984
603775
837552
292545
462996
108071
117665
548522
676292
874934
338638
607156
569490
166441
394739
641508
449250
192544
391445
841600
363414
994162
102252
897252
633827
542382
710663
471255
720900
511010
755645
161537
387218
826522
217268
948176
649683
952871
214042
304358
457885
971325
150280
303654
740869
641939
359979
769251
718215
118837
645004
746628
381400
258496
696388
369882
989184
731256
179861
732988
812239
686284
510745
352427
142557
282704
109046
304169
181854
989796
498855
348044
951148
243628
336216
323166
720250
578868
406687
766243
682999
177277
922582
840646
223316
145057
951046
792612
431352
224512
535215
148535
873345
252697
420540
996556
772468
376687
928286
798800
420205
986545
678438
416562
491181
637823
873850
182361
216749
766851
322854
802343
399082
274659
922718
733809
256731
363463
426436
436429
848459
837678
829566
687105
513611
320910
536174
890366
695265
528780
707262
730109
126838
385642
480997
500760
573849
410846
872546
513395
732141
907259
484779
487651
940346
224170
907728
116156
233472
682055
649511
377288
313724
823454
302362
854250
479440
982417
579287
666777
155919
953009
394599
526430
430380
275036
240410
542255
774185
798574
291595
783490
209881
204323
210951
838314
453326
742696
392446
245160
458511
116252
610831
434011
963219
192553
528238
171801
737133
888835
325187
272763
408331
735584
876752
803228
475089
290470
323778
999927
449169
740945
632696
395476
973498
161576
202233
244480
373734
451852
780244
575509
724366
137470
914490
147898
670774
457741
781352
641155
310756
351507
246991
777613
732167
984653
644035
381521
304041
336885
822449
337652
405978
746467
739118
888639
106820
279193
832035
737278
714192
361696
359914
906838
606765
241458
542009
109667
878876
448596
794844
467319
267288
869564
883356
383016
334119
517197
449126
400113
167630
229696
752591
540393
689563
519218
687186
436835
956823
180957
613685
157859
164094
464686
554850
402478
336544
588783
697299
669273
269713
236532
178183
158522
453412
551370
360378
978252
422378
408186
219674
895851
745547
308804
403644
204777
103937
312202
251134
314465
712031
205258
807796
798656
930860
583622
364390
814316
555797
480816
629851
306231
235815
646089
701950
354814
776503
887411
190826
871859
234129
334899
297326
828521
413130
476108
748784
746016
150969
511998
448752
641046
501340
953903
631343
205122
142436
594969
661760
480781
443605
878885
119250
843806
907927
423536
608608
910183
667215
620578
469007
539416
789429
479040
882237
489422
382790
674018
207963
901361
344507
236319
254202
297417
766021
919866
490568
992735
575055
293116
386982
198564
520950
998638
942526
683299
976180
266066
275349
862986
935252
201495
669805
750887
891364
779053
470357
986168
167804
941420
443703
261804
937832
189843
637677
406624
138026
942525
763286
312698
940516
318289
942927
513933
159842
562361
585578
284322
758645
887244
367542
700886
102076
418731
829873
585087
735738
147240
468570
225073
148274
529048
814588
503354
147401
904858
913830
462725
448562
618331
891753
659410
208375
724212
908784
905658
303902
100310
941540
997798
393563
773568
715781
184253
557588
798929
613561
285381
503340
605537
231516
893509
797162
347259
183341
385035
221407
561046
170981
429356
933726
971514
233795
234408
163466
517270
974260
511303
500179
413790
519380
642471
471591
488938
798353
159942
593458
430910
224117
122958
928868
836552
454207
260680
647302
712783
225521
892259
681128
342929
517663
758529
400691
928125
268658
300693
766407
170404
696645
671773
559144
509097
800080
385586
173283
166317
656394
417632
305198
965148
401641
193469
592903
218799
187834
893490
820655
576954
477309
646591
742558
115428
337264
805104
205529
477061
836706
818953
339556
496465
903876
493496
177213
594508
771922
724196
522706
443143
151603
627946
987307
118578
743927
254657
781899
192280
311870
766874
698264
404379
617573
369814
656796
551977
796738
840991
244187
198403
824197
201402
380107
258405
423588
389544
648718
480642
597874
785096
144455
745073
905127
795154
722849
407034
824120
136260
804091
716954
120359
818385
928616
530986
655871
651781
782275
958243
221930
963108
401861
957001
969538
246433
184455
671457
630702
673768
117132
714551
838552
555794
170271
961692
293351
857883
118912
686558
930697
122357
317463
500450
183498
198180
326261
172505
135132
294293
314619
438775
980122
395501
135059
832781
731751
535333
735932
583951
143119
256504
655543
478522
461436
953811
641160
929294
334939
782390
228198
988709
455262
390285
624045
898229
763329
380612
395318
273778
134293
403122
574155
356984
148490
799062
335296
312041
603791
247533
429625
533718
112426
524341
624703
498528
605206
906200
181607
109772
778251
252347
931249
753447
713821
284536
241829
890595
991698
748536
134133
345793
172671
959064
500154
202142
375426
967372
217048
230946
444088
617437
663163
126137
954947
814894
910921
778196
722007
473046
254237
691234
355326
999595
312906
235910
820107
925969
428705
842697
413013
670856
471699
626249
479710
795809
345998
976334
862906
971832
177396
162804
643364
952950
326156
395042
683459
493958
833788
640465
672406
767378
293051
574299
456711
757069
874945
932894
586143
542029
100187
349505
464517
832121
585562
427375
783311
504175
159723
579859
536267
474808
551609
161962
832977
708059
346044
158407
232907
911129
155965
773264
595296
763918
449081
218884
475101
143394
638136
203996
440804
542714
932374
945015
659796
297566
539720
774241
257386
800090
393831
994016
342583
661815
536056
836158
608293
648333
610382
798180
713857
360759
619104
959503
788110
899206
297797
707121
249238
446674
236557
624045
539109
147673
203016
205375
269302
866453
838740
167335
541451
573874
834961
675869
698981
664609
989292
905186
319758
259618
357549
714203
855214
279722
112216
962557
832952
650022
387481
650241
407763
197890
241107
681566
455963
590396
350421
482078
585636
655799
705241
230574
182917
448605
677680
520986
429311
924091
278039
252503
795010
251436
669737
454794
812952
320772
637871
334445
360573
295920
352223
478869
844748
992148
510052
856185
371807
513607
592318
282409
218510
797800
589570
512962
911632
901604
175878
323761
592804
159498
184396
328792
798703
624823
771648
626919
716149
474026
971837
638756
115479
355406
312692
588889
755419
853253
281992
466727
589760
448766
102879
272706
882042
368830
930386
273268
966305
757913
896131
104307
802487
743315
650432
676590
860083
504010
478249
796076
946433
317132
647730
758577
580920
107225
677976
550937
760283
980619
536248
224903
730592
832266
365392
293975
470320
670262
717243
471944
764845
525695
705460
143126
409286
899799
500928
566956
786422
471708
631119
177523
625434
226493
931258
754023
906885
548483
826529
690115
931189
736151
836256
984409
980765
178017
484932
523917
249314
175040
645275
329718
581765
534854
906153
170887
859143
726295
503860
871237
867028
718182
832034
876177
895697
953052
922127
296215
772536
405533
358522
877534
474097
107816
356350
433965
360963
792591
433347
611065
936436
138954
726180
245738
413386
735523
190101
676378
518214
943981
983106
156335
763416
911320
521854
225019
668361
165913
522925
727387
352069
165431
876784
918701
369731
392170
326454
492346
520499
830537
556082
292896
247327
276220
582831
585825
164932
991699
786808
763485
616141
700369
428994
478576
709276
443471
426599
734758
866338
376032
515562
596821
284772
252482
594543
399562
365795
324304
409609
534459
385052
295958
505681
631382
790806
111870
151012
669074
879574
634135
589808
416091
295134
787230
744712
974639
533733
611516
956489
630894
986626
697959
418946
800077
213482
771133
749057
275511
114285
817472
743983
225715
472399
997552
360167
297637
107846
883902
194949
658747
782157
275765
684673
314790
272099
747395
808866
454702
467941
551321
171772
464221
486755
504324
695101
472894
602357
750957
377869
722612
654764
373965
662424
968431
461272
222032
442988
142905
665170
558988
220224
638691
852575
783625
747018
645105
658328
233613
104247
285469
970968
497306
523422
455965
139848
637174
200306
820487
385459
666262
259199
641651
414052
979334
133357
546390
385440
784822
506285
490924
329880
651059
578781
700979
493803
459103
769653
703367
705852
608941
529463
246596
767536
562819
163793
994191
299798
820174
795603
205677
536958
224971
703201
816640
995258
748484
495465
381689
955660
653720
858141
661068
676570
317506
680605
195538
484192
916641
283859
150269
158170
227013
480279
573280
575610
456806
862927
431039
392199
842679
603325
112621
486384
941645
215949
429755
620868
694907
317464
318227
762006
631338
606013
126150
154023
109664
797985
183837
968044
685816
974255
508190
878062
788091
945491
979555
353126
138495
592627
981234
945617
304611
818614
771586
569908
817851
962448
827485
596621
690471
932597
817521
490703
553346
856239
260687
962571
289479
635238
637603
409201
555243
378631
290156
877580
270613
813496
903305
958226
234449
947226
343709
654105
624070
400602
464427
533864
693375
581349
484147
156794
322498
933121
795157
177313
519894
712869
961824
741937
888084
753252
429368
646678
161417
127643
755767
149926
973545
851625
354255
538527
521529
918833
925896
516371
911970
138674
515930
654527
566972
174737
772464
803896
162260
942052
245586
179772
689759
785726
193928
329506
350102
762695
534309
420961
332490
133441
584110
800495
134745
156378
635972
406106
856343
629220
132297
939448
213549
696056
401899
558064
889495
829013
334452
196388
444947
194196
113714
159706
638493
749413
179193
746702
111130
140683
951831
871801
457897
815965
706780
763775
831427
757807
615319
777232
867468
871654
670109
244714
677152
661171
608157
509158
736984
212242
363924
811943
312729
567854
164609
731572
651732
842678
967621
711493
182755
134261
975866
326978
456841
514973
581847
275507
892523
622761
857400
473346
724191
600949
896417
886650
898268
165339
496476
953464
977014
841754
960460
279793
287163
967815
883881
226323
219342
279844
947331
603649
416980
425650
684417
816814
327587
590648
653768
778200
978683
691539
809190
265707
729672
530789
388831
267542
198555
299279
185499
736233
639114
952203
523265
611227
843017
465351
481908
933713
634170
416031
783625
478648
703415
858583
513578
154818
575397
685871
533031
361773
400123
675680
180493
687455
201909
894595
193397
142901
881767
445592
863414
648958
981929
816501
780135
604162
949480
165511
712078
502196
286827
984293
979901
730890
147229
359155
952052
914227
812315
522172
873117
196658
503465
948866
423189
681112
866070
896766
588710
982838
355779
870273
505599
606484
931512
699753
120284
838919
779772
921817
498662
999245
939309
433114
876399
722884
697075
899307
288405
354868
296864
559425
979350
211525
376747
432947
107210
194446
924484
448363
118776
933882
932463
896013
849795
364764
948897
668245
352086
156464
786804
921111
279944
779164
122765
418938
170383
980539
257216
875511
830380
685019
547302
301994
689630
759057
881180
274641
678654
926599
622690
192642
410204
809440
615509
539158
382680
340037
759944
365129
665920
450455
355496
419399
785923
545585
166465
352754
493506
888079
769659
877560
563329
909795
215170
782234
976168
626125
705153
748471
603424
110618
221092
560921
245422
226718
396262
381489
539440
758377
851520
251233
363328
299284
352884
275605
952978
448612
746526
662381
669631
560443
628387
535492
450873
510373
712965
393087
719159
855491
995117
978519
285105
573907
651162
467668
253778
334543
201431
159758
894430
769989
650237
975821
857739
929771
930764
441438
938737
429347
956515
962050
591452
933014
808471
878404
800583
456500
322859
973839
908433
282377
955076
888844
481508
674930
351518
336501
326993
270113
413647
608899
896545
743330
890187
889518
522988
816838
979723
202888
927153
298857
110043
804788
960209
441087
695653
517294
594380
265229
917039
841500
103965
124633
863659
330288
335398
223062
976697
374604
382664
685645
449377
491590
444568
506252
389337
650119
985635
250890
727952
942828
537360
465921
523333
215227
911699
298782
428546
936323
676569
686629
342704
928799
335107
793959
219986
756054
965043
659101
549262
711582
540091
782629
780233
806319
433024
250646
564274
525893
278342
848234
744358
408741
864947
669413
512668
925246
152293
267776
980378
286119
742749
548244
824583
835285
652036
258003
198113
334868
971928
698768
970462
540136
400486
807055
628365
419326
906419
894249
389330
893175
586800
706231
698764
712722
860736
608571
313505
111965
875882
502193
399268
271870
952726
363849
431843
928403
631850
861473
586157
135795
520573
815473
151494
599318
278600
984555
564445
262059
198724
843269
864395
546664
721685
108633
315283
182245
869791
842932
815118
865362
879494
280899
725785
525671
996838
393116
314093
295255
700698
846146
340133
914481
746106
402593
916633
813418
111006
941991
718035
933947
676087
821779
655823
145043
306581
733658
439903
425973
127281
604210
676503
882130
576997
791773
733347
929446
783518
644027
937608
121084
385714
390179
702727
718521
781771
101843
655866
347163
375486
544622
887269
961963
950213
452813
276314
987109
637958
899671
398032
491850
554676
954683
357685
246240
631482
877625
492471
507347
825185
200427
895487
196257
583944
106583
543218
672285
744223
412866
485259
964924
903021
697635
563240
547308
386935
837106
665544
734651
963297
664395
613096
519056
808240
192177
124598
607930
257016
160436
728184
411065
487067
761655
554863
446107
463806
584454
894229
343477
601932
620680
421447
369863
469547
387937
745849
949461
917139
758203
136127
226063
391251
555270
847649
817013
306377
737621
622692
372551
713393
683477
744911
835559
422954
170141
583339
223252
193193
162970
712371
668300
386043
874842
212102
557866
881920
169058
800276
488475
803739
349156
922573
781240
559409
602583
953724
267080
905414
838008
771895
486672
234567
113917
720677
693414
475017
697620
305440
192515
131799
584760
601596
277817
777069
649558
808905
353021
678812
410900
453229
450760
150266
205833
363825
188517
911589
552462
413244
235467
265669
611132
585890
517729
449291
731689
209544
771741
591414
490041
663348
453718
401308
294815
835983
243361
712565
607160
929592
621082
153172
418462
812917
424408
126290
170537
814486
883850
173981
563827
995651
143109
151156
369520
760349
715383
938819
150019
802951
275669
638441
700256
535491
503812
215099
811224
983209
731776
675596
377043
815596
263873
247929
605601
527322
899246
238135
459428
671380
538983
961689
111783
953273
958940
279663
381700
261805
619928
550145
908697
953724
221432
552300
523995
998161
342635
806603
863985
381831
657445
292282
125662
327129
876673
291379
692279
260174
976953
344327
486478
388190
596909
187405
748168
838978
765865
889725
606422
663360
647898
935922
652119
645699
181224
694238
338444
628982
682401
712132
111242
498843
672061
230073
702131
852065
173212
346567
890222
139905
619542
375248
732286
598500
128555
471123
843834
239728
767090
627825
192657
445359
878093
428366
848209
840197
798177
735761
298386
447626
379645
268581
948506
644502
619051
515179
746088
730347
179258
483024
641050
543043
101036
108807
303640
765405
121841
297200
974192
401014
847899
477792
354597
834473
215338
722361
497954
333032
398759
856564
179316
929135
835690
573705
890961
680704
349767
751398
658275
862107
414120
133623
550980
133959
277643
178319
282780
825951
885066
857999
726604
725063
474195
302580
113469
926933
264352
833837
407188
913808
472492
724272
918126
489595
895412
429841
304148
545173
216122
638849
115937
554505
248253
153582
851526
294470
281353
330572
747348
742568
188660
887256
286149
593766
517072
703596
151662
490991
904718
807063
723316
697128
234401
187422
992757
606955
842075
279651
892570
297505
908557
856930
101700
127843
216687
624697
134957
441573
296033
714247
674634
401363
916908
888710
186477
205164
187527
841056
490527
134064
140278
512379
297769
654496
845464
202806
467501
973469
760993
854641
433546
358636
679019
451702
431973
843093
864524
324473
710761
907845
498190
596344
146556
176648
374773
572715
986681
323577
273967
144889
677610
489310
146017
316196
400404
954530
693974
326941
655379
781421
926077
547174
959053
958184
303522
871349
932560
835849
611137
525197
566335
828423
469494
657936
903251
554351
579682
188986
840829
493906
271091
536403
772312
670266
206460
556753
801375
197417
251169
230681
252625
625613
173192
568538
918810
739381
393403
840108
248572
413432
275490
707575
125983
384132
551429
752646
797476
854467
409044
878686
542820
390525
450640
540087
265175
199826
613467
822705
650969
396068
716604
880047
857623
166014
280317
669817
810273
383973
592737
381273
519146
392726
638572
740070
326810
183446
554509
589684
379635
465473
491132
866263
544503
620821
140210
640998
440044
135230
363441
768504
462845
498245
507605
286435
882141
993342
529628
183930
982920
841413
736302
863447
945836
528017
446599
927770
841615
587640
668466
267863
219985
907483
930803
581345
191885
103061
533075
198805
656168
213852
584780
260905
822450
769298
691332
349341
340445
209977
981573
725261
944164
570553
642590
368033
959403
289915
400742
991139
315343
894452
168021
223986
675857
282037
670567
396692
147725
144280
552669
631753
610861
740933
342716
375582
980295
803746
608498
438394
588473
147615
409368
815745
595170
160739
104719
819514
633875
165216
615140
182309
652677
214637
111181
311946
577186
206805
349467
804369
587397
818819
485717
883883
151396
915015
317424
474460
720151
613261
356523
312697
857393
708235
715606
633150
574033
143426
188341
617628
316826
621199
590840
562823
867569
453240
514180
611616
761552
876354
200056
522053
738797
119302
318424
583734
190160
728456
354888
613902
503551
587261
297223
516856
115809
209307
925853
226226
709850
296685
578420
286379
980578
312786
327595
720043
234508
552140
174386
914433
935223
510657
454227
812242
752776
821314
439752
116442
174866
111652
647889
446185
319457
299887
733801
794651
838319
258256
862622
211569
625626
599731
328877
113140
962111
733392
883985
181087
537901
812406
443242
426849
511992
718325
164670
441044
592402
881169
832973
112436
188009
904592
334617
630985
547426
261966
822066
842580
967779
259291
898746
543865
952933
108105
528755
936376
178763
105177
318599
480367
314540
499883
425432
404628
954606
705943
707857
217059
229806
275291
325661
842937
799804
832800
203144
909487
729784
249406
468852
700629
950152
772774
412218
846482
663471
864910
765013
408629
854394
100440
705286
324569
171623
414065
281400
559775
911263
326994
730709
980072
710090
347849
375162
271376
402374
614579
792010
427180
847768
777839
559853
732599
429632
836091
622164
923057
851422
144872
442858
679806
296453
559139
573387
113544
170433
520239
673286
540128
763818
457543
805322
725716
388266
558439
958786
193128
390450
892033
298077
736584
143936
166264
324985
982996
364958
106096
772344
918183
334105
407538
847253
486443
675812
997777
961101
397776
481599
963142
661329
479462
530266
722273
529848
689423
551854
165286
814301
983335
259853
369357
521663
312062
581564
748838
274639
984825
952023
508447
116096
719068
112135
621429
729040
