8000 5000000
1570
2394
650
2364
823
964
1166
2761
1470
600
2212
1016
1173
2856
2936
567
2291
1368
2563
217
1659
2219
2573
1698
802
1003
406
2383
1681
1238
1223
2052
362
1430
940
570
211
1747
327
2505
1397
323
2148
188
2823
973
60
1717
545
274
1467
100
1506
1383
2405
2884
2194
1475
826
834
2698
860
1892
1729
160
2406
415
1640
2788
234
1943
1442
2822
106
1942
116
2072
958
1423
547
1942
1167
1529
1907
2596
321
2584
2347
2437
711
2713
385
892
1426
1649
1986
2931
57
1591
353
1749
1053
2446
1871
1656
442
569
2916
2885
1775
400
843
830
2058
2165
1568
645
1834
172
2362
1581
302
1723
2137
2073
1201
1214
933
2451
1426
385
2974
979
1547
2981
2165
550
695
2709
1156
1108
1943
2255
2674
295
1405
1451
2866
1741
2648
2383
2594
2752
558
1713
250
850
1097
2702
2862
123
1727
2702
1680
468
66
206
2759
154
2003
643
550
2276
2989
1211
1548
1124
2905
2962
1609
1657
849
2470
2031
2345
1884
2693
646
1321
2835
1190
162
2879
854
1111
2575
2141
1056
717
2811
1258
2089
1542
968
2855
2395
2071
960
2237
1575
1704
1960
2540
1381
406
1272
2930
1851
2651
2361
1808
2188
2258
2481
134
2146
2700
911
2019
1514
293
2673
1779
2207
1731
2372
2609
2803
2817
613
2881
1741
108
1890
268
453
1016
637
1254
1559
1125
2776
2769
1915
1456
2651
2378
2153
1927
2034
2084
2059
1051
1816
154
696
2111
554
43
2849
448
446
1487
1961
1446
1074
2423
2061
1078
265
2743
2876
666
2451
2825
1016
2916
2005
1978
1492
1348
510
1147
465
666
2537
1137
2765
1400
2994
2575
1215
1825
2433
2558
2074
2836
989
1278
578
2246
1597
919
2273
902
2761
1209
2215
1150
2788
1746
1399
1793
2405
2424
1585
1879
944
2688
1202
565
1179
684
1217
2739
2286
1391
2312
695
2746
1812
2781
66
2659
1591
2623
281
2249
1036
2400
1005
2633
1942
1872
66
2969
199
2347
2553
271
2109
954
1436
1173
1675
2747
2509
75
1833
2025
1881
405
249
156
2349
2196
2112
1984
1322
1475
954
2281
1984
1816
2253
2017
2115
1564
2939
922
481
699
1517
154
2130
72
2176
2247
1752
1965
1498
2723
2195
2351
1257
2870
83
1072
823
2093
163
231
1293
706
1676
2738
2547
2443
182
2377
241
2762
412
2705
422
2119
646
2666
1103
1742
2772
1056
925
504
927
2982
407
1756
824
1368
2883
148
2336
2137
1652
2756
959
2980
491
192
834
155
699
1543
471
2620
2294
2581
391
2105
2420
2345
2874
1143
2718
650
1543
1449
2759
2296
182
959
494
1053
443
304
2383
1417
2060
2101
2748
2055
2130
2431
2246
1498
2507
1197
230
1710
2937
2547
2105
640
623
2357
792
1836
532
357
2724
1555
2787
498
795
1142
2155
1225
2128
1098
697
386
631
854
1835
1321
551
1167
1904
2413
1388
1534
1649
2113
2672
696
2149
220
864
848
741
366
1223
2741
1273
369
2537
2048
2768
912
733
2625
2626
1534
1916
2726
1582
941
1466
723
663
1504
2443
2464
1864
2542
1094
1165
1720
737
1106
1946
2733
644
518
734
2330
282
1167
926
2260
253
1762
2281
2464
2866
1555
117
1256
1829
1300
199
789
2667
2143
646
42
302
1436
2844
2833
1912
916
1807
1795
2612
1309
1036
2810
857
111
2283
2396
518
2087
858
1621
1771
1075
772
151
446
614
667
1243
45
468
1636
1502
1825
327
2554
2847
2303
2171
2790
2076
1105
1856
371
2650
930
2241
974
2513
1872
1825
500
81
2523
2876
2473
2224
351
2148
2874
2779
2634
376
1038
1748
2649
2416
1669
2589
1181
1036
2779
356
2931
2051
2133
178
106
2387
1716
1650
1127
2480
1948
1573
1458
1728
2742
1948
2613
2674
1363
2089
808
1654
825
2517
1764
2364
1049
1626
446
1328
747
2127
1626
1323
1211
2690
560
2347
364
2098
1956
1500
1666
988
593
228
1765
715
1227
737
2973
1891
2030
2113
2738
1748
2700
1634
1950
1564
768
537
1695
1954
627
1486
564
2156
2321
2222
1983
2161
932
1417
2906
873
1548
1743
67
2118
748
2601
2142
1844
2940
188
2144
619
770
1263
1546
2100
2636
921
2684
443
135
171
2901
2374
2930
1663
2234
2827
2934
749
811
1882
635
1640
362
167
2567
2350
1261
2585
568
2777
1195
1088
2937
606
1923
2620
1931
2455
2719
1113
1557
2805
2061
672
2350
2599
1800
2694
434
326
2176
2930
1009
2631
853
2217
1797
1537
466
2161
1525
751
2173
1409
2579
2059
1101
155
717
2021
2919
2274
1624
664
2281
2417
987
586
2678
674
1333
1455
2193
1140
960
2910
2949
1754
2708
1511
2687
1145
771
1715
2119
360
363
1527
1527
2107
1201
1055
136
706
501
2481
2243
1103
301
428
2790
1620
46
159
142
1034
1268
1010
2451
2071
1430
1530
2042
273
1940
664
1655
2802
1210
2199
1890
2847
2778
886
912
2742
2352
2575
1023
2989
2099
2279
2210
1723
2058
1051
2689
1515
1098
807
1875
553
1950
2597
1940
1765
847
1017
2317
2845
1154
858
1364
887
730
2277
1760
366
2704
663
1486
475
1961
1378
1086
709
1638
2871
2003
2598
1200
2982
706
1510
2161
2010
551
901
1739
558
2134
714
757
1296
272
2788
2586
845
2822
108
1853
2690
2802
387
1826
954
1165
2118
1609
1503
746
1455
1935
2539
2103
369
278
1275
1946
508
1836
474
1898
2031
2988
1874
122
1350
2280
2254
2556
298
2912
608
1554
405
1175
1451
376
677
2206
2386
1186
479
1967
293
202
2327
2743
548
2723
1670
2752
995
1004
2374
1221
2109
743
1451
519
627
1599
2570
2723
1296
2565
597
116
1576
1669
1018
2959
372
425
671
1542
49
685
842
2031
2752
2348
1937
2624
2157
1139
2787
1929
815
2768
2747
25
928
2017
556
1464
54
56
2537
353
308
2707
446
265
2688
1457
2049
1793
1043
663
1032
466
1419
1545
2813
811
1079
2383
745
1281
2193
2708
1589
2570
1158
2785
386
611
2545
979
1193
2892
1174
967
790
2351
1655
2554
156
2984
2219
2409
2030
1198
2344
87
351
2033
1973
57
595
366
57
2374
471
2869
2843
1228
447
224
1758
2452
365
591
2095
2396
1905
353
2936
2837
468
2663
2453
481
391
640
1835
2555
1715
1859
2079
1488
2080
1108
492
2698
1880
77
2447
1806
381
2480
1649
1836
872
866
2933
532
2683
345
1838
936
1296
1411
63
1829
755
688
1799
1107
2525
1888
927
2661
2229
2542
2465
1744
1343
362
2152
1123
2035
147
704
1865
2997
1541
1130
2596
1600
1018
2061
1290
265
86
799
2680
2646
70
1718
1436
1190
1169
381
29
1591
1076
1120
1864
2171
859
1947
707
2058
1236
893
275
78
2284
2477
2469
268
232
2661
1288
2584
272
279
2711
2671
2811
2905
2707
77
609
818
1326
387
2626
2007
1175
2575
1516
2663
317
1038
30
919
132
1944
630
2299
2630
547
466
996
601
2299
1991
1749
1307
929
2754
2069
1552
2918
1706
463
2318
2339
1835
2458
2396
857
2720
1846
1980
2421
100
1353
2486
359
104
1737
1988
2426
205
2924
1516
2596
2748
1302
1463
915
513
1802
1807
994
1806
239
602
2450
721
401
2732
941
488
488
1898
216
2374
2681
2312
601
2033
805
783
1224
2524
1612
2798
161
497
2121
2130
662
400
2457
1958
1428
1548
2058
1663
1857
848
1254
57
997
2020
1142
1259
1017
656
2819
2025
2856
606
601
447
1187
815
165
2178
1875
1989
679
375
65
2810
1218
2111
2548
2078
2945
2285
1582
2878
720
1590
1835
1725
111
473
731
1879
1597
986
1467
660
2931
1497
2480
1511
2166
510
1712
1336
964
2410
2876
1505
1369
1883
1561
977
1181
2353
1776
1117
172
586
2479
274
2625
1582
1653
578
434
1803
1377
1805
1020
1196
287
1958
361
1960
2679
81
2227
2125
2386
2826
1126
2750
1311
1312
993
2355
1051
184
418
2707
2777
408
253
1208
763
1656
560
2396
1221
2513
1276
2291
2424
1998
2988
2465
1457
2318
2045
2557
2295
1448
2711
1363
252
2768
1038
331
407
774
2047
1004
1341
2570
488
2306
1176
2440
2945
583
1372
1588
2082
750
502
1636
1058
2983
1383
2204
1770
1809
2793
598
1567
306
1946
2662
2201
2989
1088
1568
618
266
2129
1090
1299
327
757
2240
836
2799
2427
2183
2480
2848
1911
1411
634
2704
1183
2073
2325
254
2918
250
978
1918
1187
1585
2453
1177
2928
2379
1610
2753
1937
2845
2943
954
197
339
2119
697
202
443
1631
1792
1082
1741
85
935
59
1093
1721
2454
1612
2935
35
2990
1611
1858
806
37
2583
2628
81
2719
467
2877
922
1510
1407
1075
1691
679
1424
1852
2064
506
1935
718
1185
1943
195
563
1617
1547
973
196
2049
2016
2856
1494
1598
149
2416
1032
1057
2405
196
1879
2342
1015
2089
1808
2992
2335
2578
1599
461
2025
1069
1624
2413
35
1768
838
1132
102
2123
804
1749
1544
605
1703
1646
2860
2978
2238
2577
968
174
2626
370
2619
2975
2578
1119
2010
1242
257
857
306
2023
183
194
693
654
2191
1421
2876
883
2248
2740
774
2499
1135
1352
2844
222
1191
922
942
1614
483
126
2470
1014
1809
2838
768
818
718
1052
1893
2667
2337
2170
2112
1731
2066
112
2877
2842
179
1735
2454
526
1860
2762
2395
1794
2546
1891
2479
2688
2154
107
2927
724
433
2175
2771
1267
2334
973
1080
1651
239
478
2846
2148
231
1817
285
359
2218
94
2499
1716
2681
1366
577
1687
882
890
1718
491
1419
1360
1657
1388
230
2864
803
308
2810
1734
533
1892
998
1303
1748
857
2978
2416
2547
1036
230
832
2898
1479
898
1937
555
1833
518
819
1899
933
550
142
1042
1541
2647
1556
2881
246
2338
2604
177
2904
2384
229
730
641
2516
845
1252
815
1006
2910
1228
1388
2449
873
2963
2136
2802
1543
1517
2117
2328
828
1029
806
391
2232
911
640
1348
436
2958
2017
354
2244
2973
957
150
2572
2732
1564
2174
789
608
855
696
482
2595
1650
585
1214
1024
118
2688
2594
236
339
26
2827
927
2911
633
2917
730
276
2807
1549
1874
2733
2843
2824
2073
1028
714
1247
1000
687
1872
598
1160
37
885
2198
378
1084
2186
2801
1419
425
30
2560
2544
875
146
2296
2181
2577
429
767
112
2961
922
480
2102
2090
1470
780
1471
2200
2250
865
958
208
2250
2764
195
1331
2846
1071
1141
1918
1072
1377
479
295
1782
2811
797
39
2860
1116
2410
2119
705
990
2178
2324
1742
444
490
2208
28
2389
2426
2402
453
1697
1274
64
2395
1991
1791
1321
1463
226
2543
1457
1802
2234
2749
2785
1121
1892
252
2150
391
381
727
936
1125
760
2850
1964
1959
694
740
2783
66
271
2619
2384
2127
2518
2604
1968
2815
2400
798
1037
1069
1889
1450
148
2135
413
1984
400
1533
1636
416
2483
254
463
2160
1979
715
2733
1747
2758
372
1848
1979
62
219
1303
2981
2942
2420
820
1882
223
921
551
2671
2521
808
111
835
637
1457
1632
1434
2649
1660
773
2749
2967
2871
392
2077
2229
2998
2222
788
1037
1974
1464
2803
2624
861
763
116
2831
1877
2253
1363
1220
2112
1566
2058
394
808
1133
2471
1684
1684
1094
1318
2902
2146
548
1054
1842
511
1980
1070
2669
1336
2527
133
1722
1930
451
2892
2045
2614
1384
2463
1166
145
462
2715
1566
2509
2151
1248
222
1817
2217
88
1835
2110
396
778
2026
1451
2023
2114
1164
2284
2129
1849
2829
1445
2312
2740
1554
1089
253
2856
2214
2102
2636
909
2337
612
2575
1077
850
489
296
489
68
2895
1776
631
1326
2158
1638
2672
1255
2223
402
1961
2809
1159
1695
1606
290
2222
541
176
2981
2496
2248
2042
2972
1722
1183
1898
2060
238
2378
745
386
2949
2572
784
999
2899
294
1602
2435
632
166
48
1557
1663
2087
859
2641
2834
1107
2397
607
2982
1410
1890
725
1792
473
168
825
393
337
2004
1970
1525
2468
1339
2053
248
2392
428
971
1668
2769
2881
2715
2289
677
2229
1167
2860
1530
2801
1645
415
579
2781
2050
1279
2080
1480
2537
2256
576
481
1144
2423
1616
1560
2161
987
1337
2260
994
1420
1358
182
915
1758
2195
2422
2415
2532
1869
2549
1117
2167
2462
750
344
2581
2483
2468
2738
2885
1824
334
60
738
848
737
34
2198
754
353
615
1815
130
1525
1427
289
1433
1776
815
2700
3000
1217
1524
530
2017
2788
1456
2534
164
271
271
200
2301
2647
1498
1091
1043
499
270
1351
2509
2223
2088
1696
1731
1944
2357
1743
141
121
453
2067
2440
806
1442
2533
2559
1118
1846
542
999
360
845
2727
1606
2558
1578
1689
989
2636
431
2938
525
2708
2075
1371
1428
2490
457
1754
2451
2179
1369
2405
2542
186
1096
1157
1163
670
71
2646
2492
509
349
1303
2465
1239
1615
2075
540
1859
1487
1472
1437
708
1103
992
2860
683
2675
1602
933
2599
2963
1405
1468
461
1128
2920
229
2923
2639
2185
424
596
1651
798
1535
2526
562
606
2253
1784
1276
2955
2056
1769
1512
2660
883
2156
1632
252
2506
2009
1427
311
1950
1330
2833
600
1653
2234
1335
164
2250
597
2091
2017
2221
1480
1651
1185
2918
634
1368
1537
694
1020
388
2988
2157
1661
1389
2051
1255
1644
2944
495
1004
1689
1231
1531
2662
1027
1391
1919
87
2059
1115
2637
479
2002
860
2042
2059
2722
1904
1278
1066
1264
2875
491
1474
1933
1358
2846
858
1555
2306
2622
541
476
1793
2504
2564
674
335
540
2154
2768
884
2592
396
575
452
1293
781
50
925
1900
1002
2993
1738
1314
560
2415
2751
385
2914
600
951
972
1383
1962
163
2696
1524
1500
2900
1494
687
1755
2525
2113
294
1656
882
450
1718
84
36
549
2214
2584
635
2844
1299
966
861
477
2789
840
1196
547
2657
399
1586
2407
679
2325
1229
1624
1688
2191
1297
2993
2270
1605
1312
189
652
1698
1300
25
2760
1666
1538
1626
53
2249
872
2907
2449
971
1206
991
500
41
961
1548
2900
2857
2551
2115
2794
1505
1714
152
1901
98
2207
1093
753
626
2775
1254
2542
2549
1317
2755
585
1489
1788
2547
147
633
1127
2262
1101
1427
1023
162
1008
766
1834
2891
706
2406
1738
2746
345
1846
413
1342
2736
386
225
2595
91
2304
1283
2931
266
2868
387
433
2350
1614
721
2589
1923
642
1426
530
138
2512
1038
112
1159
2478
2611
2682
2326
2554
2060
2291
2179
2934
2059
820
2121
1302
499
2977
2862
1343
1372
44
1792
1664
2389
966
2944
1535
1465
1870
2076
2153
1629
2097
1207
680
2772
305
2035
1431
1069
1963
664
1077
1562
2148
2918
1520
678
1694
432
730
2348
1237
1538
1290
333
2427
2604
1550
1435
2902
742
1926
2463
815
133
2190
2408
583
1245
890
234
2215
44
1822
1593
2880
1270
138
948
829
775
1442
2615
415
1211
2340
1744
2373
2278
1410
1441
2426
744
1813
1083
1939
1297
2391
388
2950
1221
2731
51
1129
776
825
1594
1172
134
2200
1374
2941
1314
1662
1145
2968
2530
366
1965
180
1006
2052
1097
1172
2264
2246
1728
817
2861
2567
1272
1238
516
1771
96
1765
704
1277
670
627
458
1012
2106
490
722
71
1554
2949
2649
1468
312
2001
1782
1599
263
749
781
2367
1447
1411
985
1978
418
269
1440
2425
676
241
428
195
1457
850
528
2754
1835
2511
2289
2615
2860
2074
2448
2310
769
1742
2261
654
491
1386
1205
2082
1084
1272
2210
893
945
2516
1844
2787
646
2239
2501
1893
1452
644
914
2375
1149
407
2300
1403
1100
650
2190
1222
2389
990
551
662
1430
2767
439
2672
267
2023
579
1683
190
2339
1824
594
2695
2503
847
2535
2369
2860
2952
2085
1986
1452
2718
652
2885
891
2549
1744
109
1587
2947
508
1303
1359
1004
1710
2760
1028
851
1416
1706
889
2035
2483
2482
1855
1460
1321
937
2942
1701
446
1056
2560
1124
1440
2828
2342
1058
64
1678
740
1481
378
2504
1545
1301
2001
2898
2679
746
2043
1107
1193
465
242
1086
1394
2321
1871
2956
2026
111
779
2166
1809
2918
2105
2725
323
2058
593
404
30
134
1853
908
1574
2764
1089
218
992
2232
628
225
2586
1815
1604
657
406
2060
674
1676
2682
1407
128
920
966
1643
1155
1965
1524
1916
2029
2976
2164
1571
2477
2390
436
352
934
1493
1697
778
2065
1799
657
963
1102
1940
904
2641
609
1893
332
947
1114
865
2189
928
2079
1209
2043
2433
1213
2342
2932
2229
2791
702
568
2573
2655
1662
590
1195
1970
2607
1017
1450
1856
2958
2828
1057
2335
2305
2595
485
1331
2191
2501
1867
2342
1743
1472
1645
1086
424
646
768
650
1324
2238
1509
2527
771
454
37
1063
1475
2929
191
651
795
80
1880
409
1642
911
474
1690
1634
1594
300
2124
1250
1283
1486
2299
2269
2828
529
2785
285
2242
2023
2342
2487
1442
2361
2967
2518
2888
2811
1746
645
1935
2497
549
2941
2272
273
2125
261
1405
2840
3000
1311
1936
2933
423
1788
303
1803
2437
330
2560
1135
2957
130
2755
2966
1904
2264
2698
700
1598
708
358
2181
1333
2548
2081
2758
1715
924
721
2875
2872
600
598
544
1929
850
123
2013
1962
1553
2096
2350
2166
652
2130
657
626
75
634
2706
709
1625
2547
2519
261
1894
2050
542
139
187
1015
110
146
1189
80
2655
2948
2996
893
2771
2015
2186
1999
1770
485
812
54
1010
54
1138
262
2685
2635
1761
325
1545
505
2175
626
726
908
1349
2293
2413
2008
1006
2980
2110
2293
1536
2244
2101
25
548
668
115
2051
2240
239
2141
499
1688
1925
2421
1725
49
2627
2790
1618
493
2976
478
1495
2018
2244
318
2168
1447
1101
1786
2720
394
540
2008
2019
1763
945
2971
823
2952
73
2909
1892
2285
335
1104
1705
229
1563
796
513
2951
356
208
2870
2337
2871
1797
2120
817
952
1433
2076
1327
720
680
142
1642
821
446
2013
320
2040
2215
881
1423
1151
678
1940
2425
2535
1252
992
1900
954
1853
2734
2259
873
937
2065
2552
2517
1946
1104
2906
1646
1743
1084
2729
2397
2217
985
962
850
711
2657
1393
2255
1930
2092
2842
671
2955
842
2435
2596
480
1810
1395
102
211
158
256
2132
1171
2313
2320
1989
1459
2406
372
2228
611
976
206
674
2552
1479
1597
229
1185
1018
412
2069
2559
1399
801
2209
2118
1046
2571
2131
131
1178
2998
2447
1316
331
2615
2973
587
2139
1959
656
1458
2477
2147
547
1894
1780
1580
2771
2760
31
2482
1454
168
1530
2831
2992
2189
2754
2672
1570
1293
428
761
656
1741
2114
1116
2611
2290
931
368
473
2974
93
2761
1477
1517
2484
853
1875
167
310
1713
228
2306
1305
243
68
1372
2859
960
1451
1938
1380
540
631
1750
2645
785
1639
100
2595
1668
1528
2182
475
1199
1144
1369
2424
1218
1666
2029
1880
2677
2194
647
968
740
1012
2078
889
428
1167
2768
2720
28
2803
2832
2572
2935
492
2678
246
2664
2179
2422
2076
188
123
788
2855
1963
780
26
2802
1531
1545
85
2637
955
502
1672
1060
789
1376
533
2895
1684
2260
610
334
2825
1068
1630
1818
2940
1023
2697
2586
2888
1030
2630
841
2236
967
225
1078
1998
1173
2407
2545
95
376
300
2148
369
2980
2980
2273
2744
2565
716
2154
1057
2912
2498
625
1343
1965
1482
996
1478
2375
1798
754
1981
2570
1790
1997
718
2976
996
732
989
1025
429
1535
2012
1121
2325
1417
40
2264
1715
1332
1777
1447
2503
337
641
1168
1867
2948
2866
2518
900
1854
1952
245
788
1337
299
1827
957
1971
2343
77
375
195
2098
1882
1869
184
762
2644
2428
2260
2755
2844
1029
2894
1723
1999
1750
1441
2224
908
1946
2803
1183
928
1698
2689
2032
1887
1139
1251
1505
264
1061
2009
2258
1589
169
1573
2528
1221
1304
1754
1518
2473
1951
2393
1421
1560
1104
2597
2909
121
913
2296
1345
1638
479
2190
939
1247
1461
2240
1255
2199
547
1410
1827
1144
1616
793
2410
2257
344
875
2923
1363
1072
2162
1739
1931
2688
2470
2150
460
1465
2872
109
26
963
2685
2128
720
653
261
594
2102
2860
2738
219
1709
2414
1910
188
1240
330
1634
1624
783
385
2332
2529
1970
2576
617
1432
2517
296
1077
411
810
2371
1679
1306
2079
2926
1789
1468
230
1764
2657
625
208
1498
1578
227
1904
2955
1666
2170
455
1101
799
1254
573
516
429
2273
1618
1240
381
2380
2700
2535
2792
2466
1292
431
2934
1948
654
2300
2325
2889
837
1766
1718
1634
266
1326
1103
539
2389
2968
2648
2289
2676
2040
1035
623
396
2380
986
1682
875
2365
627
2842
2858
2578
651
755
2102
2158
2769
2741
903
398
615
1331
1298
1758
705
2630
2259
2424
1235
1728
2057
682
2422
1699
2172
2952
2961
2546
1498
1479
57
585
1530
692
1832
190
657
1352
2997
2265
292
733
2277
2590
2983
2479
1579
128
2932
2064
948
2162
2706
589
422
2306
879
205
2541
1652
634
2177
2417
2068
2497
1440
1917
681
2128
655
2404
2327
1263
1312
1187
1465
1094
2261
1527
507
1420
2541
2208
2634
594
1966
1069
2124
2547
2210
1031
452
894
2200
118
370
576
2600
1103
300
366
2820
2135
1711
592
2973
1894
786
209
2749
738
1306
1607
1035
2057
569
861
2173
1032
1567
1755
1691
798
1824
2046
730
2394
345
2922
1522
557
2889
32
1145
1133
1729
523
2401
175
1705
2642
1796
296
2796
1616
2197
657
2844
2045
1422
332
1558
1324
66
1575
1924
1014
1726
2177
251
1691
49
2937
65
1672
244
809
495
818
1355
1764
2041
1118
827
420
604
2746
2395
901
692
595
242
1267
1251
1922
2106
740
818
2646
2241
885
397
1879
1104
2670
161
1738
1404
2044
1672
921
467
1365
321
616
883
685
1539
937
1149
1820
107
1616
1413
2964
234
1511
916
1244
725
1196
136
2311
1825
2332
2240
2855
2606
2661
2621
385
543
2878
2629
155
1879
2045
348
455
267
1112
2105
2371
2832
2513
586
2451
2511
2102
2063
1510
228
1555
256
2399
2063
1129
1764
1395
1264
1115
1643
2316
93
1175
2530
2534
397
2367
1394
2040
1690
2273
1061
2598
1500
1433
1463
2478
1335
2679
538
871
1915
1831
2819
841
1845
2592
188
2431
2364
1813
2696
1452
2550
2911
2620
119
2841
2580
2412
52
2829
186
1816
1516
1911
746
1873
2186
210
1214
2788
2843
184
2879
2509
2678
1942
2083
2084
1575
402
1497
2138
1856
2485
1235
330
802
36
2499
1063
2633
192
119
1257
698
305
1336
2557
29
2947
2577
2013
39
2943
792
1871
1149
615
1685
2028
1324
42
1910
31
1600
96
1322
1088
2124
1165
973
2230
2493
2708
948
2334
2715
1440
1425
1960
2014
770
927
2036
2920
1228
2665
1791
2659
2994
848
847
624
1911
1936
1822
1530
1162
258
1018
981
2798
1588
1300
2819
2948
846
2857
263
1641
1149
252
229
56
1611
2680
260
2712
2825
1016
2685
2319
2690
2054
1933
1888
2985
418
1094
626
351
1595
2215
2243
1148
2161
2858
1279
2405
2772
2559
833
2192
522
1934
2685
2256
1100
2958
2041
1160
2487
980
420
2552
101
2970
1869
1555
136
2838
2969
2748
338
1783
448
448
1395
1012
2500
1001
391
771
1611
802
1474
1362
2608
903
1065
2721
361
2774
2622
43
470
992
2374
1119
1478
593
263
2480
1383
1340
1340
305
2665
1572
755
1300
260
1669
1842
2320
1218
993
1857
425
925
1495
2865
1385
2486
2136
1366
388
746
183
2796
1521
2132
2775
2753
2472
2843
2847
88
2597
987
344
2387
208
2292
2068
977
2555
2864
1252
1069
877
2590
2370
2887
2691
779
1126
2246
1067
2969
1540
1681
1979
297
2787
689
1160
1799
1725
197
2071
1272
594
1111
684
2393
244
2272
722
2428
787
2633
2446
416
377
982
719
2821
713
675
739
2292
1625
1430
2423
1489
2803
1702
994
1166
2632
2055
490
1227
2141
643
2873
1330
1670
1577
2769
1721
40
2530
1669
431
2689
912
1498
2601
2882
2039
135
732
1200
652
808
1392
924
736
322
2449
1209
305
2152
286
1170
1654
2763
430
1751
1818
2421
474
510
1599
2645
2930
1163
2103
175
2190
2492
2480
2297
742
1971
1445
850
2542
377
237
1978
911
1791
2523
810
1667
1312
2603
2793
979
774
1983
1770
2702
349
929
1017
2836
2842
838
902
2603
677
2886
2260
1853
2563
1028
271
933
345
1964
2317
1070
576
1795
2659
2060
1543
246
446
262
1158
842
342
2065
1426
1557
2071
480
1201
1669
2734
1047
2275
1729
2110
933
2651
2051
2408
480
1379
2759
2554
2449
2191
2889
2790
1998
1420
1537
1520
870
1977
2174
641
1355
2675
263
1028
996
558
1549
136
2864
121
2690
831
2438
227
2167
645
2595
2307
1708
2962
1337
2543
825
1009
117
2299
2342
2229
1842
813
1446
580
2644
1672
2304
1513
1679
1754
2166
2505
128
831
374
2330
1438
412
1415
2119
1048
2908
1965
183
2211
2301
2324
832
2291
1238
2610
748
2821
972
474
289
1853
502
791
1784
505
1077
318
808
1947
1864
1367
556
2164
916
2426
2651
1963
807
2678
2150
2070
1415
1574
1926
1241
140
1475
2164
945
1506
1316
2581
2098
305
2200
350
1524
1271
1884
532
28
1374
551
396
900
1172
2420
2880
555
286
1950
1612
1245
1645
176
1428
2485
208
2117
1026
2759
2310
1931
2717
125
657
2397
1394
2229
1621
827
2897
1563
1880
2904
2685
1028
1842
2051
305
339
130
1120
2951
102
2822
2465
500
2837
2034
2329
1973
1011
1263
844
2110
354
225
414
2897
39
1718
1445
335
1539
1039
1187
1799
1844
1423
426
782
113
471
1728
447
2338
1702
1195
1859
2859
1033
1372
2531
2120
316
2679
1765
2764
1745
2774
2004
676
1992
1096
1379
631
814
1124
877
990
2910
2950
579
2229
33
1122
578
2443
1801
2553
1324
1692
387
2767
1255
495
871
1762
2446
1960
1180
943
677
1512
853
1708
573
2391
1270
352
2805
76
314
660
885
1902
1592
1110
1989
1096
593
407
925
1022
1054
125
1876
2791
2395
2992
683
169
2912
2903
1294
168
831
2324
1167
587
979
2394
1226
1622
472
170
802
980
1883
1621
238
954
2369
2788
650
1722
1061
293
555
758
2106
317
2976
2113
135
1612
1816
139
151
714
2961
1889
280
766
2680
606
779
1052
2252
1016
1793
964
933
2624
2384
1342
385
642
2220
1650
2801
1519
1364
201
2501
2446
493
2628
2157
2824
2755
2206
1977
1267
1729
349
972
267
1667
2028
2321
2649
419
1509
2840
2690
2668
1142
2073
306
1121
1938
256
2774
440
2317
1997
1086
1189
895
1049
475
1896
1267
130
2363
516
2101
422
167
992
2472
1179
2437
1617
1857
1254
673
790
1305
1462
845
1945
275
2618
1140
530
585
673
629
2642
1993
1065
2906
2235
518
1933
919
2374
2756
684
912
2203
2341
1635
2014
2794
1181
1256
818
2834
1157
731
54
1309
2467
1283
1835
780
1211
1762
1992
1501
73
1977
867
2738
2868
942
1512
764
1987
799
798
933
818
1161
386
981
167
2722
1369
2524
530
2694
742
2846
705
2982
554
169
2063
2068
2324
874
566
534
1173
610
704
2904
2246
2021
1279
1825
262
2163
326
1602
2269
1960
2856
1956
610
431
2967
196
2693
2584
1252
2022
1394
2811
545
549
1835
1902
2097
122
1168
1360
2158
2818
2606
1243
1287
2639
2527
2379
945
2009
684
1170
2983
736
1012
781
2740
1115
2370
854
1834
2342
326
1190
510
1983
265
1116
1852
2505
2088
1361
63
2907
2658
501
559
2889
406
752
1631
2479
2965
105
1099
2088
2648
1152
2918
1150
687
1680
2105
2137
399
1882
1191
1353
2120
1710
1246
2726
420
1821
1394
1094
1289
319
1962
1801
611
89
1446
1238
2055
2425
2452
797
764
1941
1578
1145
2368
1012
353
2917
2018
1505
541
2559
1949
582
2351
1209
1650
2709
2884
379
968
106
2195
1821
2602
2397
778
1601
541
2672
2291
1450
284
1067
636
2747
2982
2874
1396
418
2458
1349
818
2785
1387
2016
2817
84
3000
749
2025
1967
1536
766
250
1186
98
334
2184
878
1875
2165
2440
940
1050
1103
2366
887
747
2326
1321
355
2191
2593
1567
2605
2699
2971
632
551
2000
2778
2918
1883
2491
2982
307
686
279
2916
1061
2209
1745
2965
1239
1823
829
573
269
2258
181
2671
539
2671
2603
1997
2813
2293
1745
2386
166
1216
531
2495
2880
2868
404
1077
184
196
887
187
269
2969
2136
1100
2018
1027
809
2840
484
857
1568
1752
810
2589
1933
2701
74
1386
729
268
1828
1132
1364
1162
1979
2802
1520
2232
1002
167
2349
2690
2838
1260
576
1764
1435
1874
972
1251
2311
1162
468
1154
1375
1415
2417
2542
2039
1274
1354
918
2331
1093
1691
988
2611
1728
2880
387
2145
753
466
726
2806
2007
2194
1836
2060
2492
2975
2557
1000
2943
729
2898
2331
1378
2764
1906
1672
1852
2139
2289
288
1454
494
383
722
2592
2412
2130
2353
1182
189
620
935
2652
1959
961
668
2386
2431
1016
1931
2091
286
1216
1130
118
2099
1595
287
2938
727
2866
2522
2352
1549
826
2579
2338
1712
2160
980
2219
303
1289
169
98
1184
2249
921
922
1813
2551
2805
1970
184
1810
1429
167
2641
2926
199
2261
1856
2006
1185
2565
657
2181
2755
759
2580
1977
1154
515
2798
2746
2166
251
1187
126
2333
1519
1354
1012
1007
2193
151
2396
2053
2841
2129
780
1099
2140
1061
2760
2447
779
1466
2866
1102
676
1432
2596
1221
1705
967
111
2817
294
2628
520
1560
120
2220
2170
2522
2334
2203
2159
604
1736
235
2817
1238
2826
2797
2134
1609
2237
734
2748
86
1976
115
221
1035
1936
119
1893
2950
102
710
1748
741
1175
760
1399
608
2295
1051
2305
164
1652
1099
1608
1042
1880
2524
2989
1699
1499
2455
575
2365
219
1901
1169
2237
354
2132
2046
2691
2623
2087
1589
1109
497
1999
1800
1860
1781
148
2719
2449
1859
1673
2551
295
2186
2016
336
2350
1965
2433
284
560
667
449
1899
409
2284
1712
1645
377
1613
2093
1038
1211
2880
2062
149
2678
2271
2513
763
484
2728
856
2100
340
2344
2435
2418
1273
2637
2080
1206
534
1052
1911
236
992
1444
60
1191
1212
1231
1262
1995
1288
76
2809
440
2383
1901
354
594
2085
121
2368
958
2241
1513
2506
1042
2482
1338
377
2091
531
572
2523
915
1454
2077
1958
1168
2015
2090
2660
1323
2462
2359
2286
376
1239
2847
629
804
1304
2219
1062
801
1063
1734
608
1119
67
2051
2268
620
1571
1657
860
431
1104
2787
1539
2274
380
2534
2304
1188
2172
1818
1366
639
656
1371
781
947
2532
2572
964
1151
131
1868
1212
818
125
1045
1386
1466
759
201
908
352
1418
334
772
1302
2816
2240
894
372
812
239
1786
432
1007
2179
2009
812
1466
2467
249
604
2226
220
2055
1073
417
2610
1334
647
1039
2951
85
2005
787
512
908
2221
2530
161
334
2813
83
1986
1310
856
2206
1314
2315
2103
883
155
2006
1337
1931
205
1907
1392
655
2210
1573
1323
1375
2654
496
1963
2508
1828
403
673
1448
292
1440
2736
1769
1214
2950
1803
261
666
2130
2075
2697
2456
420
1535
1248
336
119
931
149
599
1791
406
2924
1453
2977
1724
2463
776
2486
289
1836
239
2552
1717
175
2703
1173
1938
348
1034
2276
1727
1525
2449
2722
1630
612
697
1034
2139
1990
1556
859
2694
645
2420
2884
1794
1129
54
1273
1105
982
1320
2589
2834
1776
1556
1653
1164
641
1580
2782
2742
2793
863
864
2622
2803
1103
2891
2406
1588
716
1762
2419
974
2057
2693
1134
170
2481
2037
2591
213
1857
625
611
287
779
1894
2825
775
311
192
97
1194
2215
1167
1428
1728
1994
838
2795
713
2592
65
2283
353
2713
1007
2927
476
1618
2486
1591
670
2190
1471
2467
2799
2535
1203
1827
713
961
1058
2247
2929
1234
1285
1392
1882
2125
568
880
2341
2515
1499
825
2839
628
1800
892
676
2347
2992
2212
1843
239
1809
1374
2464
2103
462
735
834
1260
41
2154
1246
276
2669
794
1576
586
749
1361
912
2230
2532
552
1930
155
1750
2047
479
1281
959
2227
2444
2367
217
873
611
1825
1780
2847
1797
2237
2352
1392
2120
225
47
2045
1936
2196
2694
2026
1111
173
367
2903
2039
1204
1719
245
2188
2683
1622
1148
769
1396
1463
2534
1537
515
62
1562
2057
844
86
1138
1611
1615
158
583
1673
447
1087
506
1879
1109
1735
1086
2158
1334
1245
141
1200
1583
2507
1763
2914
1231
952
982
454
2856
692
2045
1655
2912
943
1209
290
207
764
2034
2187
244
2735
1710
1831
2258
725
1629
2506
2885
2995
1377
1229
951
474
760
1729
2415
255
1493
606
2911
1060
742
2467
573
2438
198
1351
2607
1916
2480
1177
1082
1329
2487
62
280
1429
2087
60
2313
217
2725
1302
489
1716
65
1460
2172
1103
585
759
1912
313
2739
929
2090
1205
1653
1359
1174
274
1743
1962
438
2932
949
2813
379
975
2932
1207
2035
2310
1993
717
1926
1782
2762
947
1858
2812
2912
2357
1567
2490
2100
985
1528
2025
740
2568
644
931
379
1573
1477
2099
1514
1806
1660
1248
354
1094
2355
547
767
2373
1127
1134
1130
1498
2684
2896
2440
488
1919
2369
688
Cornelia laaser doera
1682
410
2432
2059
514
1808
2969
1323
1229
1890
2829
716
494
1227
2698
1347
372
437
1175
1218
569
1897
1338
525
2731
2937
661
2946
1414
2004
1864
576
611
1053
122
937
464
1165
2912
693
965
1841
607
2485
517
2762
1450
203
1332
804
2962
212
2824
2545
764
1744
2670
426
1026
1962
449
613
1687
1417
736
596
1266
1628
863
1320
2624
2545
442
1937
1415
698
2906
234
1140
1476
421
1929
386
1794
1127
637
1243
2982
619
2814
535
156
2019
587
1211
1448
2903
1405
2659
1307
2363
2085
524
608
2171
2119
1401
986
2768
1159
429
1102
2112
2500
2537
2132
557
1680
1548
624
988
593
2031
483
553
757
818
2517
2849
1727
2928
428
1525
770
1843
1563
1744
800
116
2629
1991
2091
2383
638
1858
665
2560
1231
2967
1108
75
1332
387
1807
890
396
1579
1132
1506
2159
1105
1644
1890
1794
2672
74
958
1756
1753
2873
1532
55
1843
1240
376
1771
2319
2106
669
891
2968
1082
1349
968
321
1724
822
1924
1914
2571
517
2284
1418
2266
1801
1175
2099
411
2777
663
1270
2644
1277
258
919
2734
1857
2291
1777
2436
147
1740
293
2662
1006
209
845
2262
1484
2422
1406
2246
1206
711
1489
1002
1070
1001
305
1603
1217
2870
1872
1050
2214
875
328
1303
1517
2179
924
1840
2050
2147
1410
2061
270
1647
868
1710
616
2973
2972
2810
1671
2614
1110
1691
1639
2647
109
2135
2380
1306
1852
2845
523
523
982
1264
2372
1275
2480
2588
1950
2889
350
1994
2235
1340
1218
859
2484
1002
267
1303
1688
1109
1814
1664
2196
2551
807
2222
1149
1582
504
348
1134
2371
1569
374
1875
1066
2610
1517
2431
1220
225
265
2715
2224
2504
2213
1362
2369
1836
146
2801
200
81
2652
2722
2801
1032
357
819
2815
941
2106
869
1867
178
2675
461
249
2756
1433
94
766
2563
2995
969
613
144
1512
1424
957
2624
195
362
2250
2525
2224
776
564
2409
933
871
2485
2626
1276
2906
1141
1144
541
904
2727
2919
1674
1090
2962
70
1927
1155
2295
1718
2425
1554
849
273
2727
2679
2896
2115
1938
2469
586
1633
343
2754
1484
2247
458
1718
2389
1180
1870
1302
2553
1157
1574
1375
321
2741
1213
207
1952
988
328
2608
2883
1411
2144
1079
2957
2031
930
1789
46
1559
1185
806
2771
2960
144
2152
2628
1898
1969
555
2044
2763
1662
2878
1948
1411
1457
2621
1311
2013
2108
1539
773
2967
2697
660
726
1283
2442
922
2148
1260
1294
85
649
613
31
2396
2798
2781
1023
1177
1449
705
1551
2880
1211
2950
2148
128
1771
668
2568
2488
1181
1866
2921
429
1568
361
826
1976
665
598
1049
2288
2808
2730
978
2986
107
2418
1233
1213
2734
1392
1019
1523
1453
193
1558
1116
1027
2704
2903
372
2330
435
2612
2397
2166
902
881
1890
617
1862
562
2480
1437
1287
2757
329
2810
54
558
1081
953
159
845
1722
2955
2939
1090
2452
1058
256
1680
2349
2393
57
1618
2178
937
1540
1587
2325
66
1891
2291
1903
2431
2789
190
84
99
231
773
227
471
1058
1069
1351
1741
2468
1549
1288
2465
505
602
168
2718
1424
1128
2959
1249
1395
2486
2099
2973
2189
1346
910
710
1606
2608
1212
1662
1965
714
987
211
2736
2375
2846
696
2335
220
234
1513
1193
2626
830
1118
1374
2055
191
2359
537
910
2532
2381
158
2981
507
1463
2698
1672
631
1105
342
46
2404
2548
808
772
1019
586
2432
346
1664
1898
2894
2074
2149
2615
1909
2121
183
232
2911
2722
983
2905
1885
2732
2489
133
2408
1755
1300
165
422
1543
945
931
95
1735
2458
1736
2348
262
167
764
2174
242
862
357
2932
2520
1347
830
1512
1324
2230
2941
834
1918
351
1321
1340
1444
1931
299
1155
1199
1795
176
751
1006
1319
894
866
2871
2481
2381
790
1886
2985
2262
2856
118
1855
126
901
2180
1851
539
2257
672
536
2180
1817
2345
1591
1986
428
139
1762
2897
1539
2730
721
1514
1579
996
251
1398
1368
1474
521
797
1869
2177
1345
1749
413
798
1620
651
2039
1433
1977
1085
1575
489
2003
610
1647
2183
1227
2671
766
1925
1544
649
2214
105
1092
378
530
831
1443
596
1007
747
1597
976
342
1970
1451
1930
1799
1643
550
830
1289
81
2223
1524
2097
1143
1243
1174
2060
730
1730
2700
2619
2151
1814
480
2693
1337
928
193
686
466
241
1622
1441
2988
847
2504
2506
2532
1794
2165
1327
1922
2906
1139
2932
1594
1401
2991
2968
587
732
2595
1988
983
413
2780
1763
461
994
1974
1905
279
1065
2552
845
1501
2375
1647
47
2648
1775
1991
2811
2774
2544
2630
2643
1366
1651
1979
371
1001
626
2524
1954
2538
85
2638
1220
1098
616
538
1437
2155
1828
2455
2377
2906
262
2258
2725
2638
2642
2142
2071
1311
2539
1799
1420
2022
2902
110
500
1504
2831
2713
1751
1045
154
1961
2559
336
1523
588
209
1607
2678
991
1230
350
342
1246
2320
1826
1874
383
1178
1230
1782
1017
205
800
2309
2618
2554
370
2493
1063
885
2121
28
1924
2484
2057
1822
799
2847
1805
2445
1431
278
200
2029
344
2152
655
532
1064
2568
578
1499
415
2402
2050
2265
2850
2898
892
900
1946
2796
2785
1013
2595
2363
2866
1240
1825
63
2586
863
2884
2081
583
2576
1351
1561
2278
256
232
1864
2263
763
293
142
2987
2015
2209
1881
1170
1606
564
1029
2224
2934
994
557
131
1040
2896
1102
2265
2361
2104
1694
1151
658
1947
2309
2757
1951
2383
2072
808
1785
2559
2554
187
1638
1808
292
1035
419
2267
1221
2012
1718
2781
2461
1973
2515
336
2384
2551
2807
2310
1475
2670
862
979
2629
2469
2491
2438
1214
633
953
1560
2574
1949
551
1737
1057
2571
301
258
2061
2732
174
1959
159
2046
2472
474
547
1522
1166
1464
2108
2399
1774
777
1042
2106
1056
1845
899
2839
244
395
778
2985
2754
2717
227
2890
1792
1399
801
117
526
42
1618
386
1843
647
941
352
2265
895
659
2659
2765
583
2877
1197
1591
1313
1966
2618
1372
879
705
2661
694
1215
2643
2454
2873
1714
2143
2182
1372
1673
1955
2650
2716
368
1064
467
1984
48
674
2187
2108
1352
2967
1670
696
2000
2671
1545
2226
235
720
39
1959
1882
705
895
2544
1114
1879
1950
2233
1764
754
2790
2367
674
483
2368
989
612
2013
220
360
1673
1889
2335
658
332
2444
835
2294
2646
287
2956
1406
985
1753
741
898
381
1463
2814
1015
156
1677
567
678
416
2494
1728
1830
311
2065
2483
1398
1916
526
2644
470
406
49
463
847
144
1213
559
2298
176
2055
52
2392
744
433
401
568
2453
2961
593
2003
1935
1747
1345
1187
836
241
1124
2292
367
1509
447
2681
219
1499
1008
830
2455
1519
2491
1483
2684
2735
1149
1327
1373
2002
1436
651
2609
1668
944
1855
1770
421
1694
2748
2555
1684
478
816
1003
2605
252
1152
1378
714
2532
114
2435
2635
1166
50
2478
870
576
2299
1589
2772
2742
1987
1478
1468
93
1439
1515
2194
590
937
1205
1840
2371
969
1667
445
39
1339
2750
729
656
1530
2014
1117
482
1390
1443
2516
2409
2636
2943
954
2105
2735
359
1824
2908
2978
1181
2207
624
1696
585
307
648
2345
1095
2137
1096
2461
2163
679
1923
2166
901
1651
115
2228
1173
822
2295
1735
884
861
2523
1688
654
2502
1629
2882
2867
1244
2453
1949
978
1863
714
2231
1837
1798
1062
2030
2037
1323
2580
930
2187
2716
1849
2326
896
1032
2279
2874
2562
957
1784
1463
83
824
1946
355
2520
2179
738
1815
2049
1739
39
655
2700
2760
912
433
127
841
2021
537
1532
640
2545
1868
275
2352
666
347
1059
2788
1380
1375
2462
2628
2117
2147
1122
2858
746
2912
206
2308
301
997
61
992
2851
182
1156
2154
2419
503
2263
2156
1372
2350
1104
1669
54
353
1558
1509
1737
2039
2896
1700
519
1136
2331
329
2000
586
1697
1085
2115
2712
513
1883
1423
178
343
2826
1728
1157
2326
249
2850
2262
1190
613
2603
630
1053
634
661
393
706
374
1394
2600
230
933
651
255
200
559
775
2802
2779
1750
556
2472
947
2465
2671
1652
2474
333
1917
1190
1118
1589
2720
180
2491
990
2791
1922
563
2336
2860
1594
2021
2048
1271
2961
2769
2758
1833
2888
2945
963
1401
517
2720
1254
931
531
648
1883
2857
2578
1277
909
2443
788
634
326
967
2074
331
1039
2597
1139
889
261
1305
670
1635
2439
154
1148
2477
466
658
1212
325
1985
1890
2064
2689
653
1121
2297
2435
1681
2193
608
1125
457
1810
1251
788
1575
2579
2841
2968
2616
737
212
893
739
2995
299
681
2465
651
515
512
1716
210
2867
2749
2007
261
2971
2591
562
1949
2035
2708
1287
924
410
155
609
2441
1274
1081
780
1522
319
2185
1916
1944
675
1887
230
531
2476
2658
944
356
675
1451
1855
31
1001
1411
1573
1766
2799
838
2835
725
1819
1314
2887
2015
1537
1023
494
2127
25
1671
2611
2817
2651
1247
2011
368
177
1706
2510
1852
726
560
1010
283
2448
2328
2623
1893
2691
422
2023
1335
1083
148
1219
2727
1829
1994
2216
497
2120
2452
2752
463
901
400
2260
41
1289
830
2662
380
90
2633
2908
451
603
2002
599
1490
406
2773
378
1944
1467
2228
850
1811
1564
622
240
1938
131
944
2936
950
76
1345
424
2916
2458
94
176
1381
272
829
2085
1198
2054
1922
1106
1900
861
1581
151
1148
2993
78
1185
2073
1927
2882
1641
528
2742
667
157
993
681
892
2245
2215
2497
1965
2854
957
1200
2256
2719
2300
1837
700
2206
373
292
2172
2620
1471
2109
1456
1735
180
1519
2826
220
395
2758
367
2199
844
2042
2147
37
2164
2705
2388
66
2491
996
2516
244
2041
808
1821
1450
2694
1269
1044
2578
338
89
1458
2707
2834
2827
2390
1269
1619
1019
866
1106
2630
2979
2378
1793
373
1942
2503
2612
568
825
2145
2427
49
2153
2754
944
1832
368
2838
1008
2924
1346
1443
1717
2090
577
1738
347
2043
2177
608
546
2671
2880
2932
570
2758
712
2796
1378
2417
1761
128
2640
1870
71
522
2585
55
562
2868
2837
1649
38
315
930
935
1418
2361
155
984
576
1197
1035
687
280
1225
2284
315
2358
621
1896
201
1296
60
313
858
173
1616
1768
554
1120
670
1721
948
2984
2951
1747
508
1367
885
1532
2676
405
1736
479
1441
1405
610
314
1384
2178
764
47
1862
821
2071
646
2477
1132
2207
2263
709
395
216
924
639
2546
550
517
272
2243
2329
319
730
1599
65
1002
1039
430
389
208
1709
2451
2819
1041
961
2852
1065
365
2807
2955
2791
1642
664
417
539
2001
695
1447
2764
948
249
218
235
1076
2502
491
101
2090
500
2577
1153
430
2172
2265
696
2714
1133
2932
1727
699
1335
295
2732
2926
163
295
709
1606
103
1623
331
2046
1527
1838
1613
2909
510
1163
1907
1621
494
1258
1138
647
1408
206
1255
726
1776
2181
1040
2722
1565
300
1965
