5 5
48
96
131
152
228
17
44
68
116
286
31 31
11
28
30
37
38
47
50
51
84
103
118
124
126
135
142
143
146
165
172
175
188
192
202
213
238
255
261
264
283
287
290
20
22
30
39
45
52
54
56
73
86
108
118
130
131
134
137
156
174
182
189
191
196
200
208
212
217
233
240
248
275
285
36 36
6
10
20
23
28
31
40
42
44
51
54
60
92
93
94
99
108
134
135
144
152
153
170
182
196
202
223
224
231
239
248
257
267
275
278
290
2
7
23
34
65
76
78
92
103
109
116
120
123
127
140
159
168
180
183
198
201
202
205
215
216
220
231
235
237
251
256
270
271
277
279
299
20 20
15
38
66
88
135
146
150
168
176
177
185
199
209
226
233
264
265
290
298
300
24
32
35
36
40
41
69
77
96
129
134
189
207
216
219
224
255
264
274
275
8 8
2
38
56
66
86
124
165
288
17
92
96
199
227
265
271
288
50 50
1
3
4
5
8
14
15
21
23
28
31
34
39
48
53
76
77
81
82
97
105
107
109
111
122
130
138
154
164
166
171
181
182
190
193
195
217
224
245
250
255
260
265
268
276
280
288
289
294
300
1
18
19
33
37
66
70
73
80
87
89
96
100
104
131
138
150
153
154
155
157
159
160
163
166
169
180
183
197
198
199
200
210
217
220
229
254
263
264
268
271
272
275
279
281
283
284
285
292
294
46 46
11
14
23
24
34
43
64
67
68
70
72
73
75
78
82
93
94
97
110
113
122
126
133
143
145
160
162
166
171
189
193
197
201
205
211
213
216
222
250
258
260
277
279
291
293
295
1
2
3
4
7
13
15
22
24
29
33
36
56
70
71
93
96
107
116
117
127
133
140
143
153
158
167
190
193
194
201
207
210
212
215
217
226
235
249
256
258
266
268
273
287
297
26 26
1
7
36
39
42
45
57
67
71
73
74
87
111
140
155
159
166
176
216
243
272
279
282
285
296
297
5
14
38
64
74
78
86
87
128
131
134
150
158
163
167
171
179
187
215
218
241
255
256
265
290
295
47 47
8
10
28
36
38
39
42
52
54
57
63
65
72
75
83
85
94
100
107
110
111
115
128
129
135
138
151
152
159
161
162
166
192
195
204
216
224
226
242
254
255
265
275
276
291
298
300
3
6
7
8
9
15
18
25
26
33
39
61
81
83
95
99
101
114
122
138
142
144
145
154
156
161
162
174
180
184
186
187
189
196
213
226
234
244
245
251
252
271
279
283
288
295
297
23 23
4
20
78
102
104
118
120
129
130
137
145
159
161
178
189
190
209
222
232
239
243
247
292
22
38
47
66
76
79
81
90
107
113
132
153
156
157
160
180
185
203
225
226
239
256
265
17 17
6
7
46
54
84
109
126
128
130
145
159
183
185
210
219
244
286
11
31
34
77
100
117
136
147
148
162
175
176
204
223
265
268
288
49 49
3
6
14
19
33
34
38
44
51
58
60
61
66
70
75
82
99
107
119
123
124
142
144
147
151
157
163
170
175
176
186
190
194
196
198
199
200
210
217
218
233
242
244
254
259
264
287
292
296
4
9
12
18
32
44
51
61
65
74
80
87
90
117
120
121
122
123
124
125
136
145
147
150
166
170
171
175
176
198
202
210
211
218
220
232
235
242
245
247
250
253
255
264
265
277
279
292
297
23 23
3
5
13
15
19
30
58
75
76
104
124
156
170
195
225
229
237
247
252
258
263
271
277
3
10
19
38
55
64
71
78
87
107
108
123
129
134
147
156
163
167
181
193
233
239
241
22 22
27
31
50
67
70
106
118
128
143
152
165
169
172
173
176
196
204
206
267
270
272
286
19
34
52
58
79
84
104
132
149
172
173
197
215
222
223
232
246
254
275
290
291
300
33 33
10
20
28
33
48
59
68
87
97
120
122
132
151
157
158
159
169
170
177
183
187
201
225
238
239
240
252
258
261
264
279
287
289
4
10
12
29
48
54
72
85
87
99
108
109
112
122
125
130
138
141
147
151
162
194
205
231
232
238
260
264
267
268
278
291
293
33 33
13
48
62
69
99
105
110
120
135
138
140
143
147
168
179
186
194
196
197
198
221
229
240
244
245
253
257
262
267
273
278
291
298
5
8
15
34
51
52
56
59
67
68
74
75
86
103
111
118
134
139
140
168
173
182
202
208
222
237
255
257
268
276
278
283
298
32 32
4
7
11
14
44
46
49
56
60
72
89
106
123
125
127
130
145
150
154
178
190
194
196
204
209
242
267
275
282
288
289
295
5
9
22
40
58
65
71
80
97
109
111
134
137
142
156
172
173
188
200
203
207
214
216
225
232
233
239
274
285
288
290
298
6 6
7
85
91
114
118
174
45
66
88
108
253
292
36 36
27
29
32
40
49
66
80
91
94
96
103
105
111
117
124
131
134
140
151
154
156
159
164
167
175
182
187
214
230
233
257
259
283
285
287
299
7
9
16
24
25
28
33
34
39
47
48
58
73
97
99
103
112
119
125
134
139
160
164
174
182
187
188
212
226
230
232
246
254
262
276
289
19 19
15
88
89
94
97
110
113
127
142
145
150
156
157
159
161
162
189
194
195
57
61
93
105
113
133
164
170
175
190
194
196
223
240
241
242
274
299
300
30 30
6
7
32
40
52
56
57
58
82
88
93
99
105
120
122
163
167
170
181
215
217
224
237
241
269
270
281
289
293
296
14
23
27
33
53
54
57
61
69
75
80
82
91
117
127
152
159
172
182
186
213
224
242
258
259
264
274
279
297
299
40 40
12
19
31
34
39
44
45
56
66
74
79
103
116
121
131
144
146
148
155
157
171
183
190
192
193
198
201
212
214
221
230
245
249
264
270
277
291
293
295
299
3
7
19
20
21
47
50
69
91
99
106
111
118
120
124
147
150
153
157
159
166
169
178
179
188
200
204
205
214
227
230
242
254
269
270
279
286
291
294
299
27 27
4
21
49
66
68
92
97
98
108
114
116
125
153
155
162
171
173
185
196
211
218
223
229
257
277
288
294
20
38
40
62
63
82
92
96
105
134
135
152
173
194
224
238
242
249
254
263
273
276
284
290
291
297
300
44 44
5
11
12
35
39
42
48
49
55
71
79
94
99
112
114
126
131
137
141
156
157
159
166
175
176
178
179
184
185
194
195
203
205
219
220
243
255
257
263
275
279
280
291
292
2
10
17
28
38
42
59
60
72
75
91
94
99
103
112
119
126
127
137
146
152
159
163
167
172
182
198
199
208
227
232
238
239
242
246
248
258
259
263
266
274
280
281
293
20 20
17
40
51
53
62
73
94
115
133
136
137
141
170
211
224
233
287
290
296
298
28
59
64
78
91
106
113
165
171
177
183
198
212
219
227
264
265
275
285
294
36 36
1
6
27
34
39
45
46
48
53
96
97
102
117
127
131
149
150
158
165
166
170
180
181
185
194
199
208
213
217
220
224
229
249
265
269
277
14
22
26
35
58
69
74
85
99
108
119
126
146
147
151
152
154
159
171
179
181
186
189
202
205
208
210
214
226
231
241
254
262
286
292
297
50 50
7
9
14
20
31
33
38
39
43
55
58
63
73
75
76
78
83
84
87
89
90
96
106
107
114
116
139
159
173
187
196
198
199
201
211
223
230
236
237
239
249
251
262
263
269
270
275
278
288
297
3
9
13
21
25
29
31
33
38
45
48
58
60
72
75
87
88
95
97
108
110
115
121
130
142
145
146
156
158
191
192
199
200
211
215
216
217
225
226
232
233
241
244
261
264
267
271
280
284
291
8 8
13
61
122
220
248
260
263
276
11
17
67
80
121
133
196
202
28 28
15
28
29
36
37
50
63
70
82
87
96
103
121
136
155
156
163
168
171
177
179
185
195
216
217
280
284
288
2
9
13
19
20
21
22
43
45
46
48
58
65
70
72
99
112
115
132
141
157
195
215
243
259
264
273
285
12 12
1
45
160
184
198
211
244
253
260
264
266
296
33
41
57
89
127
139
152
155
186
196
227
280
48 48
1
2
9
15
16
32
36
37
38
39
41
42
45
51
56
60
65
67
75
77
80
85
93
95
117
122
130
140
162
183
186
195
200
213
221
224
243
258
263
265
266
267
271
275
282
289
292
298
4
6
20
23
29
33
36
45
51
53
57
59
76
78
85
86
91
97
107
123
124
129
135
141
158
162
168
170
175
186
193
199
215
226
229
238
248
254
256
271
273
274
281
284
285
295
296
299
17 17
24
42
53
67
74
79
86
111
130
152
165
177
217
240
261
292
296
25
43
45
47
75
95
105
109
145
150
174
210
220
222
274
278
282
41 41
2
14
16
27
30
41
42
47
50
54
55
66
86
87
93
104
113
120
130
149
168
184
209
211
214
216
221
223
224
235
238
240
242
247
248
258
268
269
274
285
297
2
11
33
36
39
44
61
70
72
83
84
92
121
123
128
131
142
147
149
153
172
186
189
200
204
207
212
223
228
236
243
251
253
256
263
266
272
278
279
280
281
33 33
4
17
29
30
33
34
56
71
91
103
110
111
118
119
131
140
143
146
158
159
165
193
226
233
246
253
256
257
261
264
295
297
298
3
12
16
20
28
29
33
36
48
59
60
67
73
81
87
127
139
152
154
157
164
186
196
205
215
219
221
227
243
245
259
266
299
50 50
8
13
23
31
40
50
60
68
70
74
78
79
84
94
98
99
102
105
109
113
121
123
127
129
132
142
150
151
165
171
175
186
191
192
193
194
195
198
214
217
224
225
239
241
244
249
256
266
271
299
12
28
29
38
39
51
57
67
73
79
84
89
91
101
102
110
111
113
117
123
137
140
141
143
145
150
169
179
180
181
188
203
205
206
218
221
225
226
232
233
239
250
256
260
273
277
281
283
292
295
7 7
45
56
102
103
182
226
281
103
112
129
167
181
185
282
24 24
17
27
33
39
52
58
60
87
113
115
128
129
158
165
191
202
211
215
235
247
283
285
292
297
42
44
56
68
71
75
80
132
142
148
155
164
172
173
182
200
204
205
226
238
240
270
271
275
39 39
26
28
31
37
64
70
75
81
84
95
105
111
113
116
120
124
129
130
135
138
143
157
161
163
169
175
177
184
208
216
225
234
242
253
277
283
292
297
298
3
19
20
21
25
40
50
52
57
61
63
65
81
86
94
108
109
122
130
133
140
143
150
164
177
184
195
205
206
213
218
233
240
248
251
259
262
280
281
37 37
3
16
20
23
25
28
41
46
52
72
99
106
117
119
132
143
152
163
171
184
185
198
202
203
208
209
216
230
232
236
238
243
264
267
269
275
286
4
5
7
17
28
29
41
42
50
62
72
73
94
95
110
115
116
134
136
144
162
163
166
170
185
196
198
221
226
238
241
246
257
267
268
274
278
46 46
8
30
44
53
59
64
66
71
72
89
91
106
114
115
125
126
131
135
143
147
150
153
165
169
173
186
187
193
194
205
208
220
222
224
226
234
243
257
261
262
263
265
269
272
287
294
3
5
9
10
11
19
33
41
51
61
62
65
74
76
82
83
96
100
101
110
112
119
120
124
126
129
134
138
140
142
144
151
157
159
175
183
185
195
207
208
219
252
280
287
288
295
24 24
5
42
46
47
49
62
109
141
188
198
216
219
238
244
247
253
258
261
274
285
287
291
294
297
4
22
25
27
40
60
82
86
103
118
127
172
179
195
207
222
233
240
252
258
275
281
290
295
9 9
3
46
50
95
104
120
184
250
255
42
44
63
73
128
129
148
188
248
31 31
21
29
31
39
45
60
67
92
93
99
116
122
124
128
131
132
136
144
150
186
193
195
204
233
237
243
246
253
255
268
297
18
23
25
27
34
37
56
70
71
81
89
97
100
103
128
149
162
171
175
179
180
181
189
190
196
198
215
226
236
240
282
15 15
7
17
36
47
66
69
76
98
112
138
191
215
254
268
269
6
12
25
44
59
93
122
156
161
186
223
237
246
265
284
24 24
1
18
34
47
56
58
80
83
94
130
137
152
178
192
205
217
219
243
248
254
260
275
276
295
9
30
33
39
55
57
67
73
91
99
117
122
135
142
150
154
178
186
218
232
237
257
258
286
14 14
25
43
48
61
63
72
95
100
172
205
210
240
246
268
2
30
31
33
49
62
162
172
242
243
261
276
290
300
32 32
7
14
19
26
27
38
57
58
63
67
77
85
96
104
121
122
127
150
170
171
178
184
188
207
227
228
237
243
281
288
289
290
15
18
32
52
54
57
63
70
84
86
110
114
139
151
170
171
175
182
184
188
198
202
214
228
239
241
246
249
263
270
274
293
33 33
6
18
19
39
48
70
74
77
81
89
99
102
128
131
139
143
147
164
181
182
188
189
194
201
206
215
218
234
244
251
262
288
296
8
13
21
35
36
43
47
54
62
68
71
98
100
108
112
127
129
137
144
155
166
174
187
190
195
205
207
229
249
275
276
282
295
15 15
48
65
71
75
81
91
104
112
128
166
193
199
237
239
247
24
25
68
105
106
147
172
175
181
185
204
231
251
255
281
6 6
97
154
183
290
291
300
19
27
32
55
102
269
29 29
9
25
28
60
70
101
114
122
132
140
147
149
150
153
160
164
166
174
196
199
200
202
231
241
245
251
255
289
296
5
23
45
48
49
64
72
90
93
98
105
125
135
142
168
187
193
195
197
211
218
229
233
235
240
251
265
266
295
50 50
13
20
22
27
36
37
50
57
81
84
97
98
102
107
109
110
112
114
120
123
133
138
144
150
161
162
175
184
185
192
198
204
205
218
221
226
229
233
236
240
243
250
252
259
264
265
267
273
278
285
6
16
32
40
44
47
52
58
59
60
64
72
76
78
86
102
105
115
119
120
124
126
130
131
133
135
143
144
145
148
193
197
199
207
208
224
226
228
234
237
249
253
261
265
281
284
285
288
292
293
39 39
1
13
15
22
26
37
52
57
61
71
72
91
102
114
125
134
142
145
147
158
160
161
164
174
177
178
197
215
219
228
230
236
241
246
261
285
294
295
297
1
6
15
30
38
56
59
62
66
69
103
105
110
123
133
138
145
152
169
181
184
198
199
206
211
219
222
227
231
244
246
252
257
260
270
275
281
287
291
21 21
22
84
98
102
115
142
154
179
181
209
216
223
237
255
276
280
289
291
292
295
299
11
15
16
24
43
56
58
68
76
84
95
102
122
128
160
186
217
219
248
257
294
22 22
8
14
24
38
48
50
90
98
102
103
110
115
121
143
194
211
228
240
245
263
284
296
12
20
23
48
54
58
62
77
99
139
155
162
170
176
182
201
210
214
218
280
283
287
19 19
1
18
26
51
112
136
137
174
179
191
201
216
218
230
231
243
263
271
296
13
22
81
82
95
109
133
156
170
181
189
202
216
221
222
244
276
284
297
39 39
1
6
8
11
22
24
30
35
42
44
77
93
107
108
138
142
145
146
151
156
184
196
198
202
208
210
238
244
246
249
253
257
261
262
265
268
277
282
284
6
14
38
41
48
52
54
67
75
76
107
121
134
135
138
140
141
142
151
153
162
164
169
182
189
196
202
224
225
228
239
242
245
252
269
271
275
288
293
38 38
13
16
20
23
29
41
47
55
60
63
64
66
70
78
96
99
101
112
124
132
139
154
157
179
187
189
195
207
233
247
252
262
267
277
279
284
288
291
5
7
31
32
36
38
53
57
60
61
67
70
82
83
94
98
100
102
110
115
117
121
125
142
156
159
161
167
169
180
183
201
228
235
249
258
277
295
34 34
2
6
18
21
23
25
37
53
81
98
116
120
127
130
134
143
154
156
173
178
184
192
206
221
226
230
253
263
264
267
273
275
280
298
5
7
9
33
47
58
60
74
77
80
83
101
121
129
132
139
143
147
150
153
180
182
198
207
211
216
220
223
225
229
236
245
278
279
27 27
20
27
35
49
69
75
96
106
119
121
129
132
135
138
143
145
155
159
170
184
187
230
239
243
277
292
299
9
16
24
25
44
50
51
62
66
68
70
77
117
133
157
184
192
207
220
221
226
237
269
271
277
286
296
37 37
15
16
23
28
31
32
35
49
57
67
77
100
113
117
123
135
139
141
150
156
179
181
190
198
205
224
227
228
234
235
238
258
282
290
291
292
296
9
16
26
36
43
49
51
55
67
79
81
84
87
90
98
143
145
162
171
174
176
181
185
189
201
206
219
220
225
233
254
256
259
281
288
297
299
5 5
17
136
200
254
293
61
71
186
261
265
28 28
1
16
18
21
26
31
35
47
60
68
103
110
120
122
123
132
139
140
143
144
147
150
182
187
256
274
290
292
9
14
27
39
49
88
93
105
134
135
139
165
176
180
185
193
204
209
212
215
257
264
272
280
291
293
294
300
41 41
5
13
15
28
31
46
48
53
61
64
83
90
94
110
113
118
126
136
137
144
153
164
173
185
186
207
211
213
230
231
234
240
253
256
257
270
273
283
290
293
294
2
7
18
38
51
52
57
62
71
72
88
113
151
152
155
157
158
166
168
180
182
197
200
202
206
209
211
216
219
220
225
227
239
245
253
257
259
268
275
279
295
29 29
15
18
19
20
28
31
41
45
52
61
73
94
124
129
131
140
159
166
192
197
215
216
221
222
224
242
248
284
288
4
5
17
42
54
59
73
77
81
88
106
111
118
119
135
146
150
163
169
177
194
198
199
228
237
260
275
292
293
38 38
17
40
41
45
47
48
51
52
68
70
77
88
91
98
99
110
137
146
163
164
169
177
178
185
193
194
201
211
214
229
241
242
248
259
274
280
283
300
5
17
29
31
33
34
37
59
71
91
94
100
104
111
114
130
131
139
148
149
152
155
159
161
168
170
189
194
195
211
214
215
241
242
277
284
295
299
17 17
6
31
35
47
109
155
166
177
180
228
253
271
280
290
291
295
297
14
24
26
41
65
81
82
103
107
128
159
174
196
221
256
274
284
19 19
3
12
41
94
120
124
132
153
161
168
179
185
192
196
197
211
223
241
295
13
14
50
62
66
84
96
142
153
156
174
176
190
207
229
235
276
290
298
26 26
10
35
72
76
88
99
102
118
125
132
144
148
154
172
173
176
190
191
211
214
225
255
265
266
281
300
9
50
52
53
59
68
71
90
101
124
126
133
134
138
146
161
182
212
227
249
259
267
286
294
298
299
25 25
12
28
41
45
47
74
78
97
99
107
108
114
119
124
125
148
158
163
192
212
240
243
255
263
280
1
5
6
23
30
46
60
63
66
88
106
119
127
130
187
196
199
203
227
230
234
263
273
286
292
12 12
78
89
93
99
126
146
161
170
196
210
220
226
47
117
121
122
127
208
219
241
280
288
293
298
48 48
6
19
22
31
41
47
49
50
52
53
71
72
73
92
93
99
100
106
115
124
128
135
144
146
151
157
160
170
176
192
195
206
210
216
218
224
230
244
248
254
269
270
283
286
295
296
297
300
2
7
16
20
25
29
45
48
52
54
62
65
68
70
81
87
89
92
104
118
120
122
135
137
138
141
144
148
152
164
182
211
214
220
224
227
229
233
234
239
247
249
251
259
265
278
283
290
21 21
23
48
62
68
113
125
158
194
204
213
220
237
247
262
271
282
286
288
289
293
298
1
5
12
41
54
81
93
95
105
106
121
129
164
167
190
198
254
266
279
284
288
28 28
21
57
72
91
94
117
127
139
140
141
145
161
163
167
173
179
204
205
213
224
229
238
271
276
284
288
298
299
17
22
28
47
48
63
83
85
106
107
111
147
149
155
186
203
207
214
218
229
236
241
246
253
268
282
287
294
14 14
34
37
55
56
94
131
179
194
195
206
256
261
287
297
34
59
73
81
85
102
107
112
183
186
199
207
232
282
46 46
3
5
10
14
25
37
38
39
42
53
55
60
66
70
85
88
89
93
108
113
115
118
119
120
126
129
136
141
147
149
159
162
163
170
181
184
197
212
214
226
231
246
263
266
271
297
1
2
6
14
16
21
24
39
40
47
50
55
58
72
90
93
98
117
125
132
134
148
152
155
167
168
173
175
178
198
202
203
217
238
240
241
242
256
259
260
265
275
276
283
292
299
36 36
2
7
25
32
59
66
69
74
78
88
93
107
110
115
121
128
129
131
136
143
145
152
179
180
182
184
200
212
228
234
242
256
277
278
292
294
5
16
19
54
60
79
81
83
84
104
106
133
136
141
142
147
154
164
172
178
206
208
209
221
226
231
236
243
246
247
252
267
268
269
273
295
38 38
4
16
17
29
43
47
49
52
53
60
63
65
77
87
90
120
124
135
136
167
170
175
179
186
188
206
219
223
227
237
239
240
244
249
254
261
287
299
2
17
23
26
28
31
34
36
37
64
86
88
94
105
134
160
162
173
195
196
204
222
225
226
230
238
245
246
253
266
277
279
286
288
290
292
295
297
11 11
11
40
61
71
98
118
122
130
133
178
253
12
29
71
108
120
124
178
260
262
265
297
48 48
1
12
23
33
40
43
44
54
60
72
76
78
79
80
93
96
103
105
115
122
134
145
154
155
161
163
166
176
177
182
190
194
195
199
202
216
218
223
225
226
227
245
249
264
273
274
275
291
4
27
33
35
39
40
41
47
48
50
55
59
60
63
68
69
74
77
80
90
102
121
136
138
153
154
165
180
182
184
191
192
197
198
207
213
214
229
238
240
261
262
271
275
279
285
289
290
30 30
11
18
20
30
38
40
54
55
67
73
82
86
87
99
101
114
123
128
139
145
146
171
175
198
199
219
255
262
271
291
2
5
17
22
26
27
34
48
54
60
68
109
116
125
144
150
168
193
210
212
214
216
223
233
251
263
270
289
294
300
25 25
6
22
27
44
60
62
69
77
81
85
86
105
127
143
158
170
201
202
214
229
234
241
249
273
286
12
15
19
23
34
45
48
49
75
91
96
97
136
149
188
198
203
207
223
239
240
263
294
297
298
47 47
8
18
25
26
29
31
32
33
46
55
59
70
76
80
89
90
91
92
101
113
114
147
157
165
170
172
177
186
202
213
221
222
223
227
228
231
232
236
237
255
256
259
263
268
271
274
293
3
28
33
34
38
46
54
64
77
83
84
87
95
99
113
117
120
125
126
137
140
144
148
153
161
162
164
165
169
170
172
176
177
179
184
185
187
197
206
214
228
236
241
252
263
265
298
39 39
1
11
14
16
26
31
62
69
78
79
85
86
87
108
113
117
125
138
148
161
162
168
170
185
198
204
205
219
224
228
244
247
258
263
267
268
276
281
285
6
8
15
18
20
21
26
38
43
47
49
57
60
78
79
83
94
96
97
120
133
135
137
153
156
193
197
231
237
239
242
247
276
278
286
287
288
292
300
43 43
13
15
22
31
44
49
50
51
52
55
69
72
79
85
90
92
95
125
127
138
140
144
150
153
159
160
164
167
178
196
197
202
208
216
226
252
265
268
270
275
281
284
293
8
10
14
32
37
44
53
66
67
72
73
84
87
100
109
111
113
121
123
128
137
141
145
146
159
160
163
173
191
193
213
218
226
227
229
238
255
262
273
276
283
285
290
18 18
58
69
73
82
89
90
102
111
114
116
126
161
163
251
256
261
263
293
29
43
54
61
65
87
88
115
151
172
194
196
198
201
220
251
253
277
15 15
46
63
100
125
132
138
159
172
193
209
239
252
265
267
298
24
36
43
51
53
56
87
136
160
167
190
208
222
257
271
24 24
11
32
43
45
65
79
99
106
113
120
124
135
145
150
152
160
179
188
189
197
216
265
279
293
23
63
80
90
98
113
119
125
150
155
158
168
170
177
181
184
201
224
252
262
266
267
296
300
42 42
9
14
26
29
38
42
69
77
82
84
86
95
108
113
119
127
131
137
141
146
158
163
164
182
197
201
203
210
217
221
229
230
243
247
249
250
254
257
262
277
286
292
6
9
10
12
21
28
62
65
68
74
81
82
86
88
97
104
122
126
136
137
144
152
153
155
168
171
174
177
181
182
187
192
193
199
228
251
259
265
276
279
289
294
45 45
2
6
11
28
35
44
46
58
64
69
75
78
91
99
100
101
103
105
107
133
141
143
151
153
156
164
167
175
184
185
189
194
207
216
221
228
232
246
250
257
260
269
296
297
299
2
10
23
28
29
35
36
42
43
49
62
75
79
80
87
95
97
103
105
120
122
133
139
145
169
176
179
206
209
214
224
245
248
249
252
254
256
257
263
264
274
275
295
296
299
14 14
7
38
40
58
91
185
188
224
239
256
260
265
275
278
8
38
42
108
116
127
160
171
174
178
182
237
290
291
14 14
16
26
29
44
51
78
89
91
150
186
219
221
262
283
34
35
56
69
93
102
150
189
202
211
224
238
267
291
16 16
17
19
41
113
132
144
153
163
164
212
223
231
281
294
296
298
15
23
31
47
57
77
81
160
190
206
254
255
259
271
279
288
48 48
1
5
26
43
48
56
62
82
86
88
95
96
102
110
112
118
123
138
148
154
165
167
169
190
195
200
209
210
216
218
219
224
228
235
242
247
249
250
253
254
255
260
264
284
289
295
298
300
13
14
16
25
28
29
39
45
46
54
56
61
67
71
79
91
93
95
96
98
113
114
119
125
127
131
133
138
156
177
187
188
204
212
214
228
240
245
246
248
256
261
262
274
276
284
285
293
39 39
16
26
29
36
46
51
61
63
69
71
82
83
91
100
108
111
120
125
128
144
148
162
169
178
179
189
191
204
207
210
222
228
255
263
271
272
276
277
295
10
15
16
17
36
55
63
65
72
73
96
104
124
126
135
139
143
144
147
152
159
172
178
193
197
203
208
218
220
222
234
239
240
244
253
263
273
276
279
21 21
1
49
63
69
75
77
79
80
90
95
115
162
205
208
209
210
213
247
249
284
293
11
19
40
45
50
103
108
121
132
159
160
178
189
197
209
214
236
239
241
277
289
11 11
17
78
112
139
146
154
179
236
241
262
282
64
66
84
96
111
117
142
155
162
187
277
6 6
11
53
201
218
247
271
45
88
132
211
219
263
12 12
15
33
120
126
138
162
213
215
239
242
262
294
12
31
36
42
68
71
73
74
88
91
199
276
32 32
1
4
8
9
18
28
45
46
49
51
55
64
69
96
99
133
146
158
179
184
195
255
270
278
280
286
288
289
290
293
296
300
4
6
13
25
41
45
46
50
58
76
78
93
128
133
150
157
167
169
179
183
185
186
195
198
202
213
224
243
263
269
280
299
21 21
4
15
17
22
32
51
59
60
66
70
115
142
143
152
168
173
182
219
234
249
284
22
63
65
67
73
76
89
103
113
117
124
133
140
173
190
228
246
257
263
283
288
35 35
1
44
48
64
80
88
89
97
101
104
106
112
119
121
122
127
136
139
144
156
160
163
166
169
193
219
234
239
241
243
255
272
277
278
290
4
33
35
53
55
82
84
87
91
97
100
121
123
134
137
146
151
152
158
173
179
191
197
209
212
215
216
227
228
231
237
257
271
274
284
27 27
40
45
49
56
70
74
80
106
110
124
125
139
151
152
158
160
164
187
207
212
221
233
237
255
277
285
290
14
17
19
20
21
23
35
42
43
50
69
80
88
113
119
151
161
165
205
207
218
229
249
284
288
295
297
8 8
34
45
73
92
162
171
266
288
5
118
126
138
139
182
242
296
17 17
8
35
49
61
64
95
101
103
125
144
169
189
227
229
231
249
281
22
33
40
58
60
115
136
140
162
207
213
219
230
232
242
267
272
44 44
3
11
21
48
53
55
67
70
76
86
87
88
96
102
105
106
113
124
126
140
144
151
155
158
166
169
170
173
183
192
197
204
209
222
223
233
243
244
255
262
274
284
293
297
6
8
11
15
16
18
19
36
43
45
50
55
59
65
67
80
86
92
100
104
105
108
120
139
140
143
145
159
181
196
198
201
219
221
241
245
249
254
257
260
268
271
280
289
9 9
88
128
136
143
158
182
232
275
277
12
40
49
87
127
167
184
198
231
28 28
16
35
45
53
61
63
68
87
89
132
133
144
148
149
153
156
171
175
183
194
200
210
233
258
269
271
281
287
16
17
30
34
38
49
57
58
79
84
87
95
101
108
115
126
180
181
215
220
221
231
239
240
245
249
256
279
21 21
1
10
23
27
54
65
68
88
90
107
116
145
174
181
182
184
211
221
223
233
279
7
14
18
65
77
99
105
112
121
122
124
150
152
156
160
162
164
177
205
259
266
43 43
2
16
17
31
44
51
68
72
73
80
101
105
112
117
121
127
133
136
137
139
143
145
155
162
165
166
182
184
193
205
213
215
217
227
230
246
254
257
258
260
282
283
297
4
9
18
31
33
34
44
46
51
67
68
69
78
79
83
86
100
105
116
135
147
150
151
162
165
178
185
193
199
209
225
233
237
238
246
248
250
257
263
268
273
290
299
15 15
13
21
27
52
64
83
92
134
138
157
168
174
218
234
299
19
28
32
74
76
89
125
127
144
152
160
183
234
237
277
43 43
3
8
11
12
13
14
36
40
71
74
80
88
89
90
94
99
107
113
114
116
121
125
126
141
146
179
181
183
193
199
224
230
235
245
257
260
264
266
276
280
284
293
295
36
38
51
53
54
70
74
79
99
102
114
117
122
128
131
135
140
141
150
153
159
164
169
171
184
188
189
196
201
204
211
213
222
241
250
252
267
270
272
276
283
284
294
10 10
90
105
139
161
171
173
179
221
245
278
50
55
121
146
162
182
197
254
255
287
34 34
7
15
43
48
74
83
96
119
130
143
144
146
150
151
156
168
187
188
190
191
205
206
212
213
223
224
232
255
263
270
273
291
292
297
6
17
18
21
42
44
45
56
57
61
65
77
79
112
125
127
135
153
193
200
217
220
231
247
248
260
263
268
278
284
289
294
295
300
21 21
23
25
56
57
83
85
100
109
125
128
136
161
221
230
251
266
271
272
276
279
280
15
20
53
56
60
64
73
97
100
118
147
177
182
196
208
211
238
245
250
275
290
50 50
5
12
14
26
33
35
36
37
48
49
62
77
88
90
96
98
101
103
104
115
135
146
151
158
159
162
175
176
179
193
200
202
205
208
214
217
223
240
245
250
254
258
261
267
268
278
282
289
291
294
3
10
13
15
22
25
30
32
38
39
40
47
48
60
68
75
79
81
82
86
89
96
102
107
111
112
133
138
159
160
162
163
167
171
199
201
212
213
219
224
228
229
230
233
235
247
251
267
290
296
16 16
6
87
90
129
146
153
160
161
170
177
188
228
231
245
289
295
23
52
155
165
182
189
202
204
219
229
234
240
244
253
279
297
47 47
2
4
5
6
11
24
29
32
34
46
52
60
65
71
98
117
147
149
150
157
165
173
176
183
188
193
195
197
208
209
214
221
225
228
241
242
243
246
258
262
265
272
279
285
291
293
295
14
24
28
42
52
65
68
71
86
96
110
111
120
127
131
136
137
140
141
154
155
172
179
182
191
192
201
207
213
214
223
224
231
237
247
248
253
255
256
263
265
270
278
288
290
294
298
25 25
9
14
25
33
42
50
61
64
97
101
130
141
146
153
167
180
188
208
216
220
256
271
290
297
299
4
11
33
51
54
74
77
93
102
103
104
105
106
159
179
180
205
210
231
232
233
234
242
245
291
40 40
8
13
44
48
52
62
65
69
70
72
77
78
82
95
102
103
123
133
140
148
165
169
172
174
180
181
184
191
195
214
219
223
227
228
240
244
246
274
293
300
11
18
19
29
39
65
84
85
87
90
101
106
108
120
122
124
135
138
141
148
161
171
173
178
185
187
189
194
210
226
228
232
237
238
241
243
246
250
255
300
5 5
37
39
40
224
286
52
56
81
197
250
24 24
22
26
45
50
68
69
74
101
109
130
144
148
168
183
190
200
221
234
240
243
245
260
283
285
8
11
12
25
38
51
80
86
89
99
106
123
169
196
198
201
221
225
230
243
250
258
272
287
25 25
27
36
42
70
75
81
106
115
118
143
157
160
166
180
188
211
215
220
227
238
248
256
259
279
282
9
13
32
44
56
84
131
142
143
150
191
194
199
203
208
211
227
229
232
253
265
280
294
296
299
19 19
33
46
47
105
153
159
188
203
207
208
238
245
246
258
262
269
273
286
296
7
22
51
52
80
89
122
123
132
142
145
151
215
217
251
259
269
271
289
11 11
21
40
66
91
96
104
154
183
199
216
253
69
95
96
146
171
197
229
252
257
262
267
30 30
18
20
35
42
56
67
69
75
79
95
100
118
133
149
152
155
166
167
175
178
187
200
202
206
209
218
239
269
284
293
4
15
19
26
33
42
49
90
105
121
128
131
133
138
145
151
159
161
170
179
184
192
196
207
219
260
281
283
287
294
8 8
22
31
112
126
158
182
217
229
37
55
77
111
190
232
279
283
25 25
10
11
15
29
49
71
107
109
123
161
169
178
185
186
203
206
214
231
233
234
246
266
275
281
282
1
23
30
34
71
79
80
83
90
97
131
137
138
157
168
171
174
175
194
201
219
239
252
259
268
5 5
18
83
160
166
220
90
112
183
193
199
31 31
1
14
17
28
29
31
80
95
101
103
129
134
156
198
204
209
227
231
235
236
244
245
250
266
267
270
276
286
291
293
294
4
5
28
38
41
56
74
75
82
88
94
96
122
138
144
151
157
162
163
183
185
189
202
212
221
229
234
241
243
255
281
43 43
3
9
17
22
24
35
47
48
59
76
80
90
93
125
143
144
145
149
161
168
170
172
176
178
182
195
199
200
206
207
210
212
223
230
250
257
266
271
281
284
286
293
298
2
4
12
15
19
23
27
40
43
44
47
48
49
51
52
62
64
68
70
79
90
100
130
143
149
152
155
160
168
191
217
221
224
233
238
242
252
254
260
265
285
291
296
34 34
4
15
16
19
29
34
43
64
68
74
77
87
91
94
106
117
139
146
147
164
169
173
179
193
200
205
207
210
217
237
265
266
272
273
13
39
42
47
50
54
62
74
92
97
113
115
118
124
151
154
156
164
167
170
185
186
187
194
195
211
212
222
227
242
250
272
282
286
21 21
27
29
66
67
69
76
83
89
94
100
109
114
153
185
201
209
217
235
250
257
299
13
15
33
46
55
58
63
73
81
97
102
106
132
155
177
179
239
242
246
255
290
37 37
11
13
28
33
41
56
60
63
77
78
106
107
114
128
140
144
149
150
166
172
188
193
195
205
206
216
224
227
232
236
258
260
261
277
282
288
297
1
2
8
12
23
27
30
41
47
60
63
64
68
75
89
95
103
110
114
122
137
148
152
171
177
188
190
197
211
215
220
240
253
258
272
290
292
5 5
1
16
36
51
217
40
123
154
242
265
42 42
6
13
22
35
43
47
50
56
59
64
71
77
78
79
95
101
107
112
117
135
136
147
152
195
196
197
209
210
212
216
217
245
250
252
258
269
271
276
278
288
294
296
9
14
15
23
39
52
58
62
71
72
74
78
85
90
102
103
104
126
129
157
166
168
177
181
182
185
196
199
204
208
211
233
235
245
265
270
279
280
284
290
294
298
31 31
22
24
54
70
121
126
132
136
149
150
166
169
172
174
175
178
208
216
219
236
243
245
248
249
251
259
265
266
272
289
300
11
14
15
30
31
57
94
95
131
140
151
164
188
194
202
211
215
218
221
230
233
244
255
262
266
271
276
278
280
286
293
14 14
17
62
124
165
181
182
190
197
248
257
265
277
290
298
11
37
76
92
102
109
114
129
149
211
236
274
280
282
48 48
14
15
22
24
29
49
52
55
64
75
77
84
93
121
130
138
146
150
153
159
162
172
176
188
191
197
199
201
202
207
220
227
232
234
235
242
245
248
250
257
266
272
273
274
287
298
299
300
6
7
16
19
27
29
36
37
44
48
56
60
72
78
79
84
95
100
121
134
156
157
158
164
170
178
181
182
186
190
192
203
217
219
220
221
222
225
231
233
238
252
260
265
266
273
274
291
7 7
58
126
153
176
186
190
296
18
118
131
220
226
266
272
34 34
11
14
24
30
37
56
61
73
85
89
98
120
141
149
162
164
165
170
173
185
186
196
197
199
216
232
234
245
259
268
274
279
282
287
1
5
10
16
42
51
60
69
72
80
89
119
127
129
140
148
155
167
174
178
179
188
205
212
213
214
216
218
222
230
249
260
265
288
40 40
11
14
18
19
25
28
38
41
46
53
85
88
97
99
100
101
107
115
116
138
146
149
157
172
187
191
196
197
202
212
227
228
237
258
259
269
275
277
279
292
4
11
24
28
62
70
81
93
94
100
132
165
167
168
172
187
189
190
203
206
210
213
218
227
231
235
236
243
245
251
254
258
262
272
274
275
278
286
293
294
48 48
2
8
14
15
25
27
30
31
35
48
61
62
63
73
80
86
92
105
111
118
124
126
131
134
141
147
150
166
167
179
182
200
201
213
218
236
238
252
253
254
260
265
269
271
288
292
296
299
6
14
21
26
28
35
41
42
45
46
53
59
63
67
69
80
86
89
96
105
114
123
126
128
133
134
141
149
172
180
185
193
197
199
205
210
215
220
227
235
237
239
248
262
266
267
268
274
9 9
10
71
110
111
133
168
227
262
300
82
98
104
129
227
229
240
284
295
14 14
7
18
41
53
77
145
186
191
218
222
225
253
270
281
7
78
79
114
121
123
129
133
138
208
209
213
217
226
45 45
1
2
7
11
20
26
39
40
47
57
60
65
71
76
77
82
100
107
110
114
133
141
142
143
145
153
167
184
192
195
197
199
203
218
229
232
249
251
262
275
282
289
290
291
298
1
4
7
8
17
20
28
31
34
42
54
62
67
75
76
85
89
118
123
129
138
141
145
168
193
198
200
202
207
214
221
229
231
234
252
256
257
270
278
281
283
289
291
294
296
35 35
2
7
24
26
37
41
42
50
53
81
85
88
91
92
114
118
151
157
166
168
176
178
200
222
228
233
239
241
251
252
254
257
259
272
298
7
10
13
45
51
56
59
75
77
84
91
94
95
97
107
137
144
153
155
168
174
176
204
206
217
228
238
245
248
264
276
287
292
297
300
43 43
1
8
11
14
17
19
29
35
40
44
45
47
55
58
64
72
98
99
108
110
117
127
136
144
155
162
166
179
188
194
196
206
208
221
235
238
242
243
245
249
253
265
287
1
18
19
21
29
33
39
45
74
85
130
136
137
142
146
155
157
163
167
172
178
180
184
196
225
238
254
257
260
266
267
271
273
274
276
277
281
282
284
294
296
298
299
6 6
33
43
93
143
174
204
20
38
42
96
174
191
18 18
15
16
60
65
90
106
120
132
141
166
169
176
199
211
223
241
274
286
3
32
58
59
64
74
76
79
95
96
109
112
124
127
201
207
227
271
16 16
5
32
103
109
115
121
126
130
135
139
158
180
189
195
243
284
117
159
166
191
192
198
199
204
205
221
233
234
247
252
261
291
7 7
26
40
52
61
119
125
169
4
23
101
154
216
252
257
19 19
2
22
34
47
61
70
87
100
110
129
177
178
193
215
217
221
250
251
269
13
16
23
29
54
67
70
80
113
115
146
148
157
171
181
191
220
242
259
37 37
8
9
30
38
41
63
78
87
94
112
115
118
141
142
145
151
154
162
172
176
180
183
204
209
214
220
228
236
237
245
247
267
278
279
283
288
300
5
18
26
48
54
72
89
100
102
113
116
120
133
135
140
144
165
170
189
197
211
213
233
236
252
253
254
257
261
266
274
275
282
284
285
293
298
50 50
18
21
28
33
36
39
41
49
58
61
72
76
79
81
82
85
88
102
112
119
125
139
148
153
154
156
162
166
170
171
176
178
180
184
186
190
192
193
206
210
217
227
236
261
262
267
268
269
280
293
7
21
28
30
36
37
51
62
64
72
73
81
94
104
121
125
127
130
132
139
142
147
154
161
165
166
167
179
180
185
186
191
203
207
212
214
226
233
237
241
242
244
248
252
271
278
295
296
297
300
31 31
4
7
15
22
23
29
34
48
51
67
87
97
103
106
123
132
148
149
183
188
200
221
222
229
234
242
250
259
269
276
285
5
7
19
24
30
35
39
58
63
82
93
103
110
135
146
150
161
167
168
178
183
194
202
219
248
264
273
280
291
292
294
50 50
1
6
17
22
26
28
29
32
41
43
46
47
50
58
61
63
78
82
87
91
98
105
110
114
118
120
125
133
137
144
150
152
163
172
176
198
228
243
244
252
260
277
279
286
288
289
291
297
298
299
2
6
13
21
24
30
31
32
35
36
41
55
60
62
72
100
105
108
110
120
122
134
149
151
157
167
168
178
180
185
194
216
219
224
232
234
236
241
242
253
256
265
276
278
280
287
288
290
296
298
39 39
15
31
35
40
44
46
53
55
65
68
72
78
92
108
124
125
126
127
139
156
169
170
179
186
191
210
219
225
228
244
246
250
262
274
279
283
289
293
299
18
23
24
36
45
50
58
64
73
77
79
87
91
97
104
110
128
145
146
151
157
165
171
174
178
187
209
230
241
243
256
262
263
269
272
277
287
289
292
13 13
14
19
48
64
69
70
112
138
170
238
248
251
268
26
56
58
64
72
75
116
143
159
178
185
187
249
10 10
54
110
132
175
179
187
197
233
254
299
26
42
60
77
79
122
177
219
221
265
27 27
24
25
33
47
67
80
89
95
119
121
134
139
140
146
154
166
187
196
205
214
253
269
275
279
285
293
296
12
18
21
30
76
122
126
132
139
141
155
157
160
175
176
195
207
212
225
234
243
250
255
258
259
265
283
43 43
3
6
13
21
46
60
73
89
100
105
119
125
129
140
147
149
160
163
166
174
186
189
190
193
195
201
202
203
210
225
231
240
244
251
259
260
261
279
280
282
286
287
296
1
3
8
19
25
29
33
39
43
45
47
49
52
54
55
57
68
69
92
99
105
107
114
119
121
137
143
144
149
160
174
179
183
186
196
203
208
213
214
239
253
288
298
10 10
27
94
98
161
166
226
258
260
272
288
73
117
160
172
194
196
211
257
272
288
36 36
1
21
26
29
30
44
45
50
63
86
88
110
114
115
117
124
142
163
165
172
174
187
191
207
221
223
228
230
234
237
245
248
273
275
298
299
8
20
31
32
36
43
44
60
61
63
68
74
76
78
80
91
98
112
115
118
119
129
135
139
140
141
161
164
209
227
239
243
244
250
268
283
25 25
5
13
20
22
54
58
73
81
85
87
94
104
106
129
130
140
143
156
174
190
192
206
211
218
294
20
25
41
45
58
71
94
99
110
115
121
150
171
184
186
196
197
204
213
222
225
244
254
291
299
32 32
7
12
19
22
40
42
43
45
54
65
74
90
91
92
100
106
123
136
146
148
161
165
191
197
206
237
254
262
269
279
280
291
2
11
15
27
44
55
65
77
116
126
130
141
143
155
158
160
163
174
176
188
190
196
220
223
224
233
234
254
263
277
282
288
30 30
3
12
58
68
70
90
91
95
97
99
114
115
144
148
149
164
170
182
188
205
210
234
252
258
267
274
279
284
285
291
10
19
31
40
45
46
61
64
66
70
80
96
104
113
133
139
153
161
169
175
182
185
207
246
260
266
269
277
284
295
5 5
115
123
177
192
232
34
97
237
263
268
16 16
11
13
16
41
48
53
65
68
79
107
141
147
169
212
220
278
32
46
53
79
126
162
166
177
208
216
226
231
237
240
273
292
38 38
3
18
26
31
51
64
69
73
74
86
106
108
114
121
124
126
146
150
163
170
175
177
178
187
199
220
221
222
229
256
263
265
268
277
283
285
289
290
41
44
50
53
56
68
69
89
93
98
109
114
120
123
132
140
146
153
157
169
180
194
199
216
223
227
228
230
239
249
250
251
256
265
279
289
295
298
12 12
23
63
65
73
81
102
103
116
138
150
162
280
12
47
54
90
110
166
173
182
216
259
273
280
17 17
15
21
39
65
83
94
102
124
127
133
153
172
217
258
271
278
291
11
28
43
44
74
91
92
96
141
173
176
193
212
215
269
279
283
45 45
12
25
37
38
39
54
55
56
67
71
84
87
105
107
108
116
120
121
122
127
153
176
180
181
182
187
192
200
203
218
227
230
232
238
239
240
245
246
254
256
264
287
290
291
295
2
8
10
13
15
24
27
37
43
46
56
57
59
60
63
66
68
80
83
96
99
101
103
106
121
127
137
140
144
151
152
159
174
181
186
210
213
216
226
232
233
240
254
294
300
23 23
8
17
23
70
79
91
99
117
137
142
144
145
157
162
196
221
241
244
249
287
292
293
294
11
16
34
56
92
97
111
115
132
133
137
139
149
150
164
169
199
222
223
242
286
293
299
35 35
18
20
22
27
29
31
35
40
72
73
75
77
85
92
94
100
115
127
129
130
133
138
149
151
152
180
183
202
228
240
243
269
274
296
300
1
2
9
11
23
71
76
78
90
95
101
118
124
139
170
179
187
189
196
207
210
217
218
221
227
231
236
238
245
246
260
267
269
287
296
30 30
8
32
50
54
70
76
91
102
107
122
123
130
134
141
162
169
181
185
199
214
216
221
232
248
254
257
281
282
283
291
14
22
28
29
40
50
53
54
56
60
87
105
121
152
162
168
175
186
192
205
208
223
226
230
233
247
267
276
291
300
9 9
69
80
101
134
188
229
257
288
294
36
50
77
79
196
222
232
263
265
50 50
1
7
10
15
29
37
56
60
63
77
78
79
86
90
96
100
103
116
118
122
126
130
145
148
150
155
161
164
173
185
186
192
201
202
216
219
220
223
237
241
245
248
252
265
271
288
289
293
296
298
4
5
12
23
26
33
34
40
46
49
51
53
55
58
73
76
83
86
107
120
130
134
135
137
138
150
159
161
171
174
176
181
186
194
205
206
207
219
226
227
234
242
249
251
255
257
271
275
290
299
9 9
54
120
150
154
161
185
229
248
269
51
74
78
138
146
149
224
230
244
47 47
24
30
36
38
39
48
55
75
77
79
85
89
91
105
112
114
116
117
119
129
130
149
154
155
158
164
167
168
178
186
200
210
211
212
213
219
223
225
242
245
248
254
266
273
282
293
299
5
6
7
8
9
10
11
13
24
25
34
37
55
61
67
90
92
101
119
122
129
138
147
149
154
156
160
168
177
178
179
192
196
203
210
225
237
246
247
251
257
270
271
274
281
289
296
43 43
3
10
34
42
48
65
78
99
107
110
116
118
119
122
133
134
135
141
149
159
169
175
177
178
189
192
193
194
196
199
205
206
221
222
223
229
232
256
260
261
268
286
287
17
20
23
27
43
45
55
56
69
71
81
90
97
99
100
106
114
126
127
132
141
143
148
159
160
164
182
189
195
198
200
205
210
221
231
236
238
243
252
264
269
281
289
46 46
2
3
6
10
13
18
29
30
33
36
45
54
66
70
75
80
87
89
100
105
113
115
116
119
146
147
156
181
190
202
229
233
234
235
239
242
245
248
253
264
268
281
286
287
289
299
4
19
23
26
39
43
50
52
57
62
64
66
67
76
91
103
104
105
111
123
131
132
147
153
154
168
174
195
197
204
205
215
216
218
230
253
257
263
266
270
272
275
282
289
294
298
6 6
2
74
147
159
169
262
52
88
183
211
236
238
36 36
24
25
26
31
40
43
44
56
65
82
89
95
130
136
146
148
151
154
161
165
167
169
173
175
179
194
197
216
221
226
236
254
255
269
276
298
56
62
70
79
81
82
85
101
106
115
130
131
143
151
158
159
161
165
170
183
184
199
200
210
217
231
233
236
245
251
256
263
267
277
281
285
31 31
1
26
53
55
61
77
87
107
119
149
153
181
183
185
193
194
204
205
217
228
251
252
254
267
269
270
272
274
278
291
295
3
11
21
32
34
37
38
44
65
72
78
85
90
120
135
137
148
150
179
185
186
196
197
198
223
244
247
260
292
297
299
36 36
8
19
20
26
32
41
68
82
84
90
95
99
108
128
135
144
152
162
167
173
179
191
194
195
198
200
207
209
213
229
233
248
258
269
272
299
35
36
42
49
58
63
72
74
93
101
107
135
136
143
149
154
159
161
180
182
186
189
201
206
212
214
221
228
238
253
271
276
282
285
287
299
38 38
5
34
42
53
56
65
67
69
74
85
91
105
112
113
120
126
135
145
151
154
177
183
189
197
207
213
214
237
250
257
261
264
274
276
285
291
293
296
12
20
25
26
30
36
39
45
67
74
84
91
107
112
113
127
129
134
138
143
151
160
178
181
190
193
194
201
216
225
234
239
251
257
263
274
283
292
42 42
4
5
15
33
34
38
46
58
60
64
72
111
115
127
129
141
143
151
152
154
165
167
175
187
204
208
209
214
217
220
223
234
235
236
255
256
257
264
279
281
286
298
8
15
22
24
25
28
29
33
41
42
72
75
80
86
105
112
119
133
137
141
146
157
160
166
177
182
191
204
227
238
243
246
263
265
271
273
274
281
282
283
285
291
21 21
34
35
44
67
71
78
110
113
142
145
208
229
230
235
240
265
270
273
288
294
296
7
17
55
66
67
102
110
115
121
123
129
133
145
171
194
222
239
243
264
277
288
10 10
17
23
27
34
99
101
200
208
212
223
6
16
17
22
52
62
118
145
242
251
18 18
5
53
63
67
91
103
116
118
122
163
180
185
220
228
239
274
286
290
51
53
111
122
126
158
167
189
198
218
224
247
249
250
257
262
266
300
7 7
84
175
183
187
274
278
299
52
149
156
182
255
266
274
39 39
3
4
6
8
14
23
26
29
48
52
65
75
80
105
114
117
130
131
140
141
155
161
175
181
185
204
206
212
214
218
225
229
238
256
266
288
289
290
291
1
5
7
8
9
17
31
45
48
49
52
55
74
78
89
91
107
111
132
141
153
156
166
186
197
202
210
214
222
237
241
259
261
264
273
286
288
295
298
40 40
2
20
26
31
38
61
63
67
70
73
74
79
95
96
111
112
130
136
149
154
157
162
163
174
175
176
189
196
199
205
207
209
213
230
235
255
267
269
292
297
30
53
69
81
92
93
94
98
105
107
120
122
127
131
136
145
164
165
166
179
186
191
193
194
196
234
236
237
241
246
250
252
255
256
260
261
270
274
286
296
30 30
7
18
19
34
36
43
50
51
52
56
60
68
73
83
107
125
128
152
159
162
174
182
214
236
244
253
261
266
277
292
1
2
6
13
15
59
65
72
74
89
91
96
116
132
155
171
198
200
218
219
220
227
236
255
258
259
261
277
281
292
13 13
7
8
25
36
99
129
158
168
189
217
234
269
277
63
107
131
156
179
201
217
218
221
228
257
267
278
36 36
15
22
23
27
48
73
78
125
137
161
163
171
174
190
206
209
219
222
228
232
233
238
249
252
260
264
266
269
272
277
278
281
286
289
291
295
3
6
13
15
18
20
24
39
52
54
66
70
75
79
83
101
113
122
131
138
164
167
186
195
198
212
215
244
251
254
258
260
271
278
288
289
7 7
7
48
79
127
143
200
267
17
24
92
180
184
234
242
39 39
3
20
28
43
52
55
56
61
74
76
90
93
105
107
111
113
114
133
143
149
154
157
164
172
177
187
196
198
200
201
218
239
248
252
267
281
284
286
288
2
5
8
13
29
40
60
64
72
74
79
83
106
107
108
113
122
123
130
135
165
167
171
177
182
188
189
193
195
198
209
220
231
257
260
263
267
270
274
43 43
2
10
38
71
73
85
87
88
92
108
110
113
118
120
135
136
143
146
148
160
161
163
165
174
178
188
198
202
203
214
219
220
229
234
244
251
253
279
285
288
290
297
298
3
5
8
11
12
18
29
37
56
57
58
72
74
78
89
94
126
130
143
145
156
159
166
172
177
201
202
207
209
213
215
226
235
236
242
244
248
266
267
277
278
290
296
